100
249 807
658 73
272 930
878 544
709 923
165 440
42 492
503 987
729 327
612 840
169 303
157 709
933 560
278 99
335 816
826 97
267 512
633 810
149 979
821 579
672 967
336 393
745 485
91 228
357 194
153 1
944 708
490 668
196 124
903 530
666 722
24 549
853 801
408 977
933 228
981 298
13 635
814 865
536 63
669 425
94 115
501 629
195 517
404 105
298 451
123 188
882 505
566 752
337 716
144 438
897 501
828 871
358 137
397 177
904 294
231 609
175 745
298 635
399 142
412 968
557 260
8 594
968 395
530 113
962 6
365 942
852 82
821 767
712 695
901 671
831 590
57 738
790 616
679 640
6 335
98 972
319 95
223 454
760 289
126 905
506 123
770 813
94 238
844 220
534 366
394 226
738 363
590 844
159 550
947 623
217 385
539 272
385 247
885 496
420 623
968 144
915 735
534 625
11 42
152 679
