20
819114749 840637482284087279
165879044 600087934155109549
570709851 441974470054869236
610233917 130860549275934323
532265751 367971779384905318
540098466 215522792565752667
843402334 64847434428029081
635396699 367476458352506245
952027099 394453596270946803
682310747 138287221328707161
147024202 25956551624981265
647275278 623370603643205892
905159220 340083571727141066
666363407 297359782644191541
192435447 498735896984228527
379191750 302984583191199001
453509637 29223022536117921
768163877 829552864141924531
469437304 452906195740784875
253448492 320896345766131111
