1601520
2128873
1997921
4420619
3422425
2481095
2919137
4868786
2859320
3696361
8757
2405383
3204069
2640116
3180037
3908517
3525953
4061234
3602250
4561299
3164277
3739165
358639
2520597
1241956
804155
2002830
1595272
1031539
1473446
2145314
3041704
3447730
5141763
5183886
2611038
1517772
2870321
3487901
2803057
170162
920042
4201122
2739939
3604179
2531659
3787130
3028539
1060874
931015
7591899
4485667
3376527
391097
1725307
4703327
5432951
1498339
678824
4273913
4035426
3910173
2144517
1911708
1993334
1297545
500691
197152
1950757
2813552
1145782
440675
3667681
4629237
3944603
1984520
4596565
3324057
2575600
4808080
4224219
2768630
2276084
4495574
2880219
4593478
239791
1728703
1080226
3583424
4483338
1990168
3820973
4725586
2912126
587850
2280652
4204814
534747
3872503
1293687
1735820
3889574
2450296
2886096
263879
6503716
4841190
1475567
1995553
3844021
78525
1695961
2870466
3654690
4765367
6396497
2569371
3170582
4912400
3473488
967628
1715979
3884537
2005869
3328288
5163345
5358542
4572329
4902330
1673997
1848144
3759580
6430689
3363817
4205974
358639
808349
949415
4135707
2995970
785382
4353225
2080313
2450525
1214605
3870169
2573435
6628122
5283374
4367926
4975335
2021708
4472882
834809
4353064
1720183
1666745
5785359
2664353
3457814
3500451
7116570
3327182
6260933
4494406
4023348
2763105
486389
3812138
1168107
994764
5008119
1075851
2759269
1769659
5071417
1175185
3333564
3773885
1028898
3586532
4867333
2926477
358639
809704
3350540
4607215
2819879
5446519
4337505
5309084
2718232
5294993
3039745
2231191
4389109
3157025
4112847
3135069
4259468
2637025
1033733
2603674
3063239
1909703
4153234
1103499
2815832
1183526
3770136
3395167
2970516
2954764
3896804
3510159
2526670
2037615
1380123
1949498
2962239
3762893
2045295
4487581
410433
2859788
279306
5205909
4138003
3583506
4182931
3528710
2934712
2482159
3639922
2176193
4092970
2853901
1426600
332126
4553071
1727925
5759782
4551021
3441347
3948639
491465
6767683
3952737
1802537
2936050
6137256
475170
2282910
5601228
3916360
3684494
235243
1287115
4733691
5252882
767155
747155
3443748
5039505
3268802
1618197
3762014
5060917
3093102
3378975
3594057
4186091
358639
602920
3132242
3131830
2550938
5518019
1411722
4403068
4328845
3828048
2633604
2790796
3355528
3901665
1622523
1038731
6406435
3157182
2224502
4288948
3657953
4925852
3784311
2241196
2709468
1870633
4370898
2274471
1465984
2534111
4607665
3002553
3742922
2843291
665557
2269979
3331771
5107253
2833457
4324970
2482308
4177845
3307545
2508324
1733583
3578678
1055629
714161
3323633
3210524
2503837
2452462
4278242
2850760
1670641
3160734
3266815
3708030
3449348
3588260
4728900
3664821
1063830
3649855
1043628
4229727
2435377
4384406
3027538
3948609
4417824
3524562
4016438
3627102
2944229
2008094
2895279
3822271
1970886
5345990
3360866
2076739
2572342
2800552
4000753
1083319
4481239
3892540
3586406
4463963
2378280
4401567
3875414
1060503
2340620
908902
4693883
2496406
3335403
1937337
3891558
4962486
2408699
3470481
2244454
5317800
2273229
3446448
2155892
5677114
4283438
5205250
3453877
3211948
4296709
5239668
4732470
4644445
3627966
1456782
4217035
2616267
4722599
3649356
3113651
2029566
1778448
1050454
1606713
4220226
1202442
2922931
1242956
2224218
2647592
5479025
358639
2905469
2856873
1908490
3855928
6002679
1638579
3553680
4205389
2922562
2517862
2758014
4298825
1577094
2352752
1670089
1351188
3432628
3007275
5939894
3636662
878875
1427965
1120609
2916205
3334957
3611813
2886888
358639
3511799
4716479
3842664
905941
1787235
3299310
5492330
2639586
2997545
1211462
234028
4162937
2256882
3862629
898950
3243377
1890324
1840409
6289792
1246048
1197659
4587184
3078065
458599
5301939
4005129
3134259
2515655
2704351
2238386
849518
1772913
3385913
2587473
2673295
358639
3125645
3955743
3628253
1063557
1838884
3566895
1256428
4158961
4230651
3229321
4790127
4203192
3206450
1503049
3029958
1663946
3371897
2465154
3261307
3672892
3097872
1846817
5912090
1458735
1892079
662966
657129
2477857
2917211
403432
1708224
3664114
4255649
2435886
3711027
2467036
1342218
1150912
4061625
3914447
2277792
2694413
3722656
5310439
5968387
2863717
1658104
812815
2603916
460521
3238566
3473054
3621003
1574967
5240982
688652
2065700
2568544
618673
2465664
652670
3169072
605633
1477217
3634646
1800779
5172985
3085731
4227233
2727715
3403106
1610273
715211
4852280
3360124
2328566
3341916
5062357
4459084
2457363
3277625
2499747
2520857
3906662
699118
4255497
2537628
2442802
951179
1980352
5349998
3354673
1649672
1202872
2821031
2462986
4875727
4492777
4212508
3861196
2485311
715076
3438827
2682597
4317605
2073448
577238
1766366
1330688
3138594
4641109
1102118
2137992
4645398
329154
3066570
5005145
1989808
3525928
823826
4563759
3343929
1595272
3541270
1885746
5538214
4005875
4472643
3580669
2815652
4134651
2266971
3517785
5909955
3642003
3201041
3852913
3034331
3590607
3258847
2487753
3244404
2832052
3190981
4759513
5431361
4365586
5305533
559114
3847386
2769271
1208667
2655477
3786720
5661572
6896339
4227522
3508239
5776009
437126
534407
1564869
2490198
5139050
3648988
534747
3927417
3461446
2948123
3400642
6456128
3172338
793141
4590828
2251062
4230524
1993436
3794216
550335
1175665
2686840
4684426
3857912
2793419
1767482
3345001
6264417
5776139
4861053
1877327
1532479
2826312
4984474
5245122
4682135
2507429
3882513
1199936
1483971
3317411
6343505
2266505
4733747
2498360
3429655
1091403
3244497
2147855
1969801
3641403
2521691
4853495
6670096
5853617
5039847
2069473
3439531
209928
4886998
4255027
5535218
3570646
5398718
2643133
5126365
4186868
4267038
358639
2960649
4082194
1076198
4829098
3298494
600695
2955830
1513013
4115538
3837740
3949551
2409023
3220801
3187471
5512941
4437246
236695
5734567
3660841
3086067
5379166
2476611
1017439
2298134
3440091
3523827
2682380
3166773
3231565
3167405
1471512
3723565
4493765
4244919
1246472
3999850
2377045
1762939
2724345
4322953
2650459
5009508
2685662
4194102
4097607
922248
4625769
3335412
769165
682107
2737216
4814979
4927626
1308646
6831510
3615508
3347558
2933885
907253
4481739
1895455
2789074
3697208
202431
5557030
2074872
2042322
3434604
3001820
4055503
3042406
800825
4455564
671368
1983571
3487725
978110
674860
625572
1373558
3960531
1474237
601718
3903213
949035
4231169
3378811
3205747
3393906
2964892
2519552
3029504
3837696
1519933
2047964
2285820
2913884
3688751
2886913
555052
2167608
5144484
6222632
3244587
201555
1433657
3191736
175484
3273264
850947
4019319
944023
4478442
5501609
1054
4926659
3777732
5096378
662208
3423454
3460387
1923356
2331182
1398935
4484025
2177300
5064869
4744617
4639487
3456876
1421504
4831627
2253862
2282909
242391
1138200
3962127
1456481
4216116
2337657
5826604
2694460
4298094
702874
5303522
2781015
337550
3153648
3700498
2756746
1835541
4355761
2055924
2246530
4649331
3011324
2411698
1442267
2729193
311442
2111500
4470261
1783521
4293884
2861543
392327
3904257
1538229
2093220
3004972
729933
3440072
4077170
4089687
5514418
1308654
418252
3961088
1903653
3433718
4967155
3114562
489517
3134408
2215853
4956129
4172725
5508092
3772448
2157283
1658620
4348412
3417125
3472037
1277195
3713243
2551385
5404158
2972299
4725836
6226422
4394703
4785765
4973200
5044072
2021377
3185392
750603
3128598
1904224
5295033
5022613
181872
4175472
1405968
3522676
2118909
2739257
1564266
2877363
3919560
3540416
2660440
2020351
4312479
3747492
3151739
1722855
1368755
1066220
3983549
2094873
832685
5960
1168384
5502642
2004159
3970721
3483353
3249669
3488665
1578056
4317003
5100313
6797573
3867894
2200430
3483037
3851954
3352517
3623985
6995109
1694103
2443781
3502779
3148512
500691
2094621
983178
1185132
1147299
1856103
3847978
4590530
8757
3700578
6400964
130292
4746548
4940738
2942453
5337976
2947058
3354077
2156282
3987137
15368
664391
3105273
2523988
748532
5070427
3338777
2602074
3543843
2244685
3039767
1822745
2910353
4612596
4819677
3446341
6305481
358639
3389717
2450475
1833551
4808952
5960771
2190160
5251622
738545
3509380
4021691
3548725
3466646
610043
219109
5019116
2441460
2830089
2690637
3737237
1229774
654163
5106089
1462850
5284735
4108526
3490793
2514872
838282
4925800
2045684
1755873
3400218
3934778
2427009
5155928
2324097
2619156
1699835
2041882
2974519
4270198
1684528
2320462
3506697
2742703
5657310
1774956
2004240
5232387
4817186
968863
1946740
2889585
2070396
1475741
4717466
4448473
658076
4973956
1606848
533608
701729
4971256
1955316
874500
552305
223589
919709
5499924
5015670
2343795
785450
2558445
1784136
2406161
5151890
3653048
2982851
4316180
2139968
3238845
1704624
1846040
4108660
3560075
5358573
3164711
4667786
2806065
3387127
2153996
2158529
517148
2615417
4410837
3859523
2851420
2742226
2972794
201555
1411361
3028253
3730142
754987
2461161
2941089
3068106
2925077
3417583
3977383
4423348
3098017
5983034
1936268
898552
916648
766002
5130170
3472198
4789732
1264892
4103667
4048769
1545928
142605
3233600
3135539
3710762
2827398
3685457
4201474
987401
4472815
3422903
2449127
3922685
4514486
2276679
3673965
4836069
4178549
1511895
3376751
1213207
3250436
2492604
3466112
2504342
2382706
882790
1961598
2013786
3468615
2960212
1928958
1019525
6144835
3757054
3911470
3072592
1165087
5171747
258244
4835454
297327
381532
4765597
1869985
4018914
766557
6345594
393440
4954502
2136500
641430
3451380
3271695
2303596
3742989
1258570
5435093
750763
3975458
1707344
2727043
4550519
4068143
1184593
2678501
4390497
1901255
2437984
4071028
555606
2084530
4563379
1788250
3569240
4904022
2313272
3439765
3549788
3510235
4684806
2417593
1793185
518894
3819576
2171626
3454827
4820218
1825323
4378904
2970720
2396500
607978
3200610
3291960
3857898
2343964
957626
1377781
3799698
3916914
2600078
3898760
827489
2211133
4014114
1301441
5684008
3951209
2402127
3714051
4529682
2568392
5383989
3167573
1435697
1207606
4345620
4063046
4568221
2820104
4044897
4010205
2387609
4015334
4087599
4288678
2675661
1474457
1061282
1679350
4582181
98510
702056
945901
2910985
2637350
2205811
3913289
3841625
877276
626167
4070450
1355827
1281784
2846938
4459156
3476807
4756968
2331161
1171349
2752959
3528053
4895524
3180411
871294
1075971
1557757
4099820
392327
1028612
3768072
2716580
4150110
3853616
4526523
5778638
1437586
4967173
4204424
4752745
1067879
776444
2848203
3160300
3513741
5663769
4885502
3867786
2946496
1464983
6074077
3040078
3780113
4859870
4710037
1272398
2396818
4925681
2492378
590104
5271079
1834888
3720736
4146469
3064405
6142275
4706088
3625203
4050302
1706401
3061268
4833952
5132972
5881931
868659
2619191
1031633
2270241
1014301
4550843
2482014
4275229
696931
4090337
3482815
436794
210312
4114156
3486459
411221
2130909
1052796
5345815
3519723
4624965
2012401
3892082
2191692
1848949
3584385
2969655
1672465
473156
2409727
1025391
3252389
3372900
1168011
3806506
4098954
3659089
3166315
4298268
2403655
4872125
2884993
3750050
1453928
2064870
3836178
4866989
4516552
4388636
2579569
3087338
5268352
1946539
1261527
1681248
4749541
1874968
531971
1421965
6285004
3230147
4544238
3285280
4690151
3016237
219356
4122802
6664048
2174119
3547845
4177253
2415845
4802647
483281
2002077
4402782
1322574
4289381
4178821
2210086
5864586
3489738
4573133
3341059
3385026
3246724
4267959
3708273
2995843
5346406
2757757
340544
2532519
2955841
2876737
1512758
3598245
5214661
2722386
3119317
3478335
2801773
4915132
1773717
4749324
2401040
142802
2189296
4522471
3264367
3713736
4425120
3625188
4641852
358639
2122407
2757493
5031494
5142766
1057148
2703802
1110969
3385654
1393097
2239861
2292224
2183809
2999719
1025031
3473737
1203151
2803111
2401368
4164573
3217821
5641094
280080
4049742
5349306
5109959
2706768
3467685
3871658
8757
359659
5952272
5657329
2917885
4423094
4086205
3339080
6242665
4220250
4424277
1459038
2611920
4827403
395350
1220041
4438269
2471519
1365378
2862961
4188105
1118819
144104
1662023
5152328
4137236
4602653
4506634
696488
3269457
622518
4269336
1904522
815324
2950845
746463
3202821
3009404
2275849
2137661
638349
4618752
1437502
5497945
2638249
4607826
1714930
953134
6161817
3851797
4458006
2105477
5408782
829870
3316175
4871803
2864242
987280
3467664
4770293
1187406
1752572
4860352
1787538
3859295
3879184
1291384
3872138
577779
3808146
3342865
4141511
4411258
4094916
5361488
3260210
2928231
5424390
2060055
3904473
1957092
3531586
4322313
5137993
4571951
1844286
4066504
3545632
2937621
1252808
3032144
4719969
3964013
1143534
3915576
2712823
3945957
2380525
3694861
5201966
617477
5845792
4179220
3685814
1007124
4308072
1954049
2963462
4168093
1471725
1855723
2186600
204291
5192418
2470714
1893404
3979496
1863777
2814206
4745687
4837553
4938146
4107739
4781831
3571940
3978086
658793
1834309
2064055
3718429
826157
2510241
669368
3396389
4115494
261817
3967071
2862950
1499491
859154
2174131
1112526
4762041
2081539
5706827
2603766
401184
5185029
3826318
3294323
4498229
1573406
2685075
3693972
1025143
2866227
5348168
2694624
4342784
1530041
3160178
4001289
2962369
4259616
4148985
4664487
2530998
3024836
394857
875002
3104503
3235699
2790382
1789722
4115710
5354988
8757
2311644
4899030
4831395
2605260
3213022
3963348
1751255
911117
2460651
4059858
2972349
3421500
577088
2967553
1417568
3567569
1633247
1345856
3663711
3205361
3736425
3604564
4720909
3768934
4255984
4255361
2568966
2071287
2266720
5276062
4624357
3066240
2964898
3310108
4530889
6032372
3070309
425575
4331236
619866
913727
840909
1128067
2699927
3954530
4420981
3755258
1650381
1703665
1566011
3552881
4802724
3643443
3258179
6215357
1055480
4408045
581229
3283877
5216232
3435736
1686954
3086428
3540327
3087279
1741180
5456287
5094176
1878440
4193288
5077832
4928345
1760574
2192150
3318285
4573727
3859954
2883669
5852111
5231918
3675165
5247364
510347
1971290
201555
2824234
2882523
2841055
1508152
5149295
1703446
2179080
3804275
5208041
3571219
3055997
1739110
1649542
387290
789978
572982
4747945
2768403
4191123
4131594
3705465
4988923
3357725
3403820
4206286
2170900
5176722
5916897
3054138
1357988
4137650
3613789
512754
5386877
986560
2591276
5823155
752247
1162618
3312586
3178804
2112029
5930657
759051
4144945
5053969
5667264
4110205
353931
2251240
4450700
131353
3420698
4095270
3143787
4235534
4548245
1061354
4353250
5571968
1843322
2153899
1181384
626921
3709596
3751445
2879416
76323
3680252
3063545
2145630
101484
4502273
4570100
5123010
4059052
670500
557044
5781117
4415215
3528810
5461542
4862642
2515410
630964
1603215
5272670
1981247
3690909
5150653
3922933
3961978
1118769
2213186
5792242
2794815
1208659
3764532
3015056
3750078
1431560
907045
2837805
4639728
3648388
4563083
1580900
4784662
1062863
6140905
683539
3817455
3129787
4808732
4120666
1309983
6474464
969404
4096152
47444
3972360
4228807
3655899
773642
2273449
4022336
813543
2826134
5644848
2493836
970303
3304900
5186211
1213174
5140518
1071943
3624147
1594606
4760146
3453025
1641784
3127138
2168098
1549291
459592
4021712
5064905
4691448
625004
3963008
5648674
4620565
3336052
2843246
6090103
1953994
1839403
957125
1394346
1602006
4061895
2781815
5093182
1334629
4100077
2286960
4311145
4042250
1917357
1742805
5231645
1566687
313863
976933
3540296
4501817
3535886
2949340
3234444
713683
837900
2624197
3584969
3520988
3065573
443785
1529955
4620135
4805607
2859232
1876995
4238249
2560818
5361931
5404932
2409449
4408156
5926004
3750619
1762802
1320029
2085925
3683213
5046323
5299380
2799793
2417765
4907812
109448
884098
3562180
4830670
5648013
2602023
2124583
4802703
3620487
4045509
4276632
5117081
3970168
1017667
4517182
3580201
3410134
2391594
891187
834607
3869292
3728658
4190959
3552732
3491248
3518540
4510945
2702230
898980
3874946
2902511
5743625
2123935
5200371
2655663
2739188
3590873
4953511
2506321
5828292
3749138
1626163
3479870
3190041
4491026
3434015
869759
1275451
2835201
1679989
2574628
3285599
253327
1686969
1503990
4304262
3972130
4109946
4375299
5985909
5399711
5903278
784518
3965429
3050095
3700313
5404315
1540735
2988678
2803667
2613244
6183595
1235227
2684858
4531878
3113544
4353422
4042311
4576727
551337
3821455
4306602
2703372
5552545
2516344
3360670
4835497
2500566
1154521
3537311
3282263
2710793
2366938
3578113
358639
6087667
3066839
1798756
3356758
2511679
4760353
267528
2249690
472859
369626
358639
3814645
2976808
4969305
2834036
1149547
2447705
2967945
3909451
1124530
1499767
4208919
4841226
1349539
4299650
3429761
681392
4331123
3045282
726106
520044
73129
1657328
4116100
586588
4411301
2464190
3484742
3622546
4059022
1640727
2662371
5418681
2609850
4803023
3654035
1638894
4244892
915153
3320515
2250322
2628283
3873606
1041694
1763876
1721686
4944017
4480913
1820693
1903181
4672790
3756036
1853754
204291
1919895
3834311
4735658
3527971
392327
4607266
3688905
3664846
2453234
4545191
599175
1107133
218260
3829792
2611817
2617162
3502691
2322044
1084809
3331294
5553554
696043
925942
3904194
2666706
4698652
2248387
2105966
1338566
3515460
2900140
5484496
3023767
1880322
1996203
1334928
2907891
3306163
2614676
627051
1477877
1458822
3791017
4160486
4189058
500153
2728569
3280205
3577804
2539211
5225694
4474400
1554680
1407813
125583
2218006
4600414
2930440
3675958
3322095
1765048
4008657
4972707
3239153
3474789
4319452
3857782
2637840
3312025
5361124
4202836
1782087
2473736
5259590
2631657
4357613
4560166
1541957
2788328
2418777
5311929
3992744
4459472
721184
3625527
3622612
3284783
1287059
5389542
4669517
1313337
2714251
3288613
3417270
2982892
3046903
987636
3281609
1304116
4529655
2364032
4404429
3402893
4629833
3383339
5607925
3428680
3490100
1830504
3310232
4005825
3451282
2710688
848613
4739963
1148500
3587673
3218781
4864044
4696628
1264959
5027420
4173617
2745854
2767245
3184232
982196
2227430
3417698
836495
3224928
805615
2444369
3585462
4246105
4797230
3037145
3908007
3828802
2451434
3453744
2532976
4215646
3907135
3689418
5155424
2905881
1300051
5828178
3013367
3165061
2014580
266488
2578440
2797597
2502686
3664665
3819034
997927
1458767
5271221
4029672
4176657
2333656
3105727
2677133
1810352
5195496
23868
1839780
2708705
5961336
4699051
2695060
2026583
1956467
2361452
5155385
4066186
3814650
1716848
1980250
4337878
4267197
4053390
5353802
2570558
2977221
1536014
5526171
1316428
4674283
1703407
3830426
4568298
5151304
1805362
2483376
2034377
2964188
358639
2511979
3470929
2642989
1979885
999442
4126665
3280164
3205053
2537473
5271123
979308
1859104
4113991
1475013
2547230
3675430
3441555
2619143
3306273
1918217
507880
2238174
4702969
4636963
4169863
4525848
679216
1152800
1256711
2600660
3213482
4250421
4718050
1000596
1574612
4740895
4689211
3720059
3365582
1996341
1530345
4136520
4378199
5742869
6163516
3897959
3893274
3324735
827477
5429155
3391400
5694084
78525
3608741
3705835
3959986
149234
2590711
3228803
5123224
3098990
3788664
2410247
5084946
3589002
4189419
1058104
2037535
3632256
3468458
2211747
3784446
2588026
3459586
2039572
4608204
2936489
498723
2858883
4901806
750169
2583674
2826681
3770747
1925596
2271189
3918218
520044
2396163
2991198
888504
1030876
2017915
2822034
256241
2513174
4194269
3111981
4414220
3566702
2478077
2083548
3101791
3765394
1023832
3302312
4818595
3496494
3522814
4375338
2701050
905107
2364975
3687613
3482016
3453742
4784841
4924468
2575033
770988
2065989
1139383
3843682
4304072
2917859
2652789
6665694
639871
458032
2986522
3517651
540955
4419582
4444474
2674195
4794396
2965499
4618098
4258679
3398715
3972960
1096237
2274385
5051310
3602352
2844219
2292683
4673837
2853315
2794273
358639
687775
5412001
4900210
2565920
2008280
4156867
865000
116769
3301819
3394248
5128237
938124
3262291
4720688
1288495
5170546
1693798
2835428
461128
3190314
4841370
4132117
4160850
4752357
5093161
3595738
3777770
2987202
2827264
3679815
3606972
4004710
3320089
2352014
1563480
3174633
2648235
852837
2522705
2209908
4116205
4452608
409316
4087753
769472
4090670
4818915
3675065
2544649
4767957
3154722
2327337
3145548
1493190
2433979
2998890
5025729
1720580
3883885
1595275
1454134
1984939
5405169
5026132
3141289
444674
2782716
2867583
608374
1913993
2754663
2666840
5074866
2074521
3401275
2355452
2649966
4328662
2578042
3505217
4878111
3355169
1964876
1509817
3041669
3670182
912185
3787726
4635314
2444097
4018958
4986813
5005817
445019
4953834
3657662
1699601
3827404
4356321
1301859
436860
1284982
3421181
3110677
1187889
1290290
3549087
3931945
2350373
3431508
3396462
7012010
1868561
650675
3612537
4410081
479836
2723109
4077833
1621733
721184
1108682
2387728
4179717
3309334
1130923
1372769
8757
947793
3971295
4814822
3529665
4581602
3882160
3729949
2231352
3690211
3006253
5086345
106527
2064827
4186682
1578291
5335088
2078651
3564296
2092298
4978918
4374507
3620790
4179992
1599111
5843828
4394369
5792893
1641518
1345382
4240674
3372953
2531012
3160107
2442467
4141984
4247691
4240832
4180480
2723310
1233852
13564
4044069
4411311
6182974
3765219
1918996
2699953
2527206
3380286
2281661
4482616
2484270
2496170
3556807
5852353
2465958
2075244
1135534
3103187
1455368
157849
2505978
1940564
4049163
3227038
2148808
4274546
2212532
4678451
3617966
1923347
778893
2893950
928673
2356501
5279504
3688902
2357268
3919877
960083
5259074
5801602
3056992
2857692
2026364
1936719
627221
1492580
4160353
3167533
2614537
4632423
181435
4037096
2443360
702370
5138046
28691
3846822
4309599
1398131
4300325
3341671
2207642
2192994
2897544
4908532
686418
941967
1192739
1406302
3109985
5098266
2773334
5032548
2744219
1226109
4206944
3318720
4891866
759750
4334918
4118276
4937930
2661474
707283
5087474
3531136
4617443
1358392
4453659
5459218
4022559
2646135
2754827
1489013
3623478
1368295
3262860
3671287
2505194
4562161
4963885
3358475
3796948
5227896
3290564
4550972
2187300
5599191
2170632
1104520
1658497
2119065
1408833
1922812
4739078
4084281
4029232
1548541
2362088
742885
3246202
4457703
2884329
2747613
1023112
1143905
728136
685986
3165325
4929153
1651769
3035560
3603148
1343777
3261491
4582003
4016606
3359944
2009844
2986342
4388369
2259464
3821961
3231985
2598910
5362959
1556978
2278811
5738016
4414785
4666080
5074543
3742618
1567485
2628843
1834648
3941242
5396874
1722925
4521168
3157950
1029932
2336797
772574
3876311
1739599
1244033
998276
1628298
3143625
3531980
1445214
3257089
897607
2056127
3270006
3939929
69768
3772287
1257523
1205651
3885476
4229686
3651845
57556
3552460
3796200
1553505
2644871
1028946
2593580
1507097
2589806
2064390
5703564
2417726
4652297
3288678
4500454
829202
4421993
1719300
1628871
3680459
4691545
4547348
2256914
1303792
8757
933150
37302
2276948
3922557
582735
2767694
2206198
1777352
3582816
2956999
4692077
1760145
5075127
2414160
2506708
6117508
1957789
2208766
3915674
4600242
1697844
4575617
1758242
2408670
4146478
3761279
3831548
2548952
3425137
2722805
4183253
2907222
2610252
2569640
1813216
1605790
3710602
5089588
4567752
3451784
3302438
3074129
2949410
5154293
6873137
5822322
3555256
1107833
4921705
5147942
3846714
5453214
3684863
1981890
3967757
2333670
4880477
45457
3842506
2174880
4508820
2780961
4301523
4050649
3087912
5685264
4392203
1691168
3973430
2501397
2363762
2103413
3330306
3161797
2866397
3232408
4136776
3074071
4453972
320414
1567170
4779999
3230207
4559153
4172111
3018856
4328215
3186036
1757394
822583
157368
2019624
4214767
532858
1264397
2486612
4133255
3431353
4102638
1852288
2079073
3153459
3278995
1788371
2409335
5463515
2385854
2610625
2452183
1678468
2124658
2425228
4824637
1932170
3374952
1656900
2145402
2363156
2541135
3062318
2172260
2428203
2223959
3101216
2625119
3828948
2192883
4493076
3986461
2601613
4581882
4225954
2811399
2633035
3719802
1684765
6035763
1584568
3080319
2532807
2838074
5983666
3234851
3835256
4511295
3265403
2664881
298490
3967761
3366825
2421352
6631161
4059394
4400623
235895
4540523
2690735
4322108
4708346
1563628
4961820
1585242
4063748
2996009
1992884
2744833
3626941
4298284
3398317
2401876
4252200
4180030
5773378
3829927
3352724
2430881
1193154
2572891
2750447
3330484
1010496
3909185
5531858
3809341
603347
4457388
3005540
2740373
4500422
3897448
1853171
2150403
1658910
1254308
1301286
4355309
3817424
2779955
279882
786610
2702094
4177994
3071798
2783437
2128235
1073279
3076111
96619
2202631
4353591
3786375
2229264
5095374
1347054
1070678
4010155
4800298
2805349
3149819
2936283
1820877
4430400
4348858
3831790
5692794
4454269
1388595
1666117
2654767
779498
5381943
4284266
3823111
4232736
4021968
3656408
4624636
4017810
4876097
3450098
1829736
5440994
457616
1348140
2936894
161405
3682478
4108587
4241457
1721072
1833372
6273799
3237010
4413357
8757
2016765
738161
2778197
3728895
4067959
1376840
854823
4603317
760773
2349648
1191431
3529453
962632
1287803
1921643
442186
3647048
3077884
5269149
4678465
4262444
3297765
3234016
5129160
1099420
4367669
1032216
3734610
3489531
2847634
4959040
5735689
1303909
3926185
2783608
1681991
4700292
2662426
2653591
1835680
4035717
2814385
2956390
1863456
1153250
3299092
2907104
650137
3083144
4851974
1177975
3159699
1570032
2156482
3584867
3507440
3667350
3593375
3993726
1537027
3353332
5394187
2367187
1420394
2844598
57729
1217239
629936
2474499
3590798
5193382
6108013
3083608
3753316
147531
23868
3256209
3193296
4942841
172030
3603903
2815998
4035013
3207730
955090
4595921
3801957
4828853
3042913
2568356
4811434
1628628
3009894
2782878
3592876
4382309
2606093
5108839
1060632
3328808
1966704
1013607
3987442
1195136
2122143
435273
3677352
3918327
170721
3611144
6113799
2551319
2763851
3205178
2433920
2586442
4355447
5978079
4857761
3168265
863516
1856305
4551522
3700153
6097403
5158802
4877732
3684928
3579565
3131441
349491
4832114
1194352
2153043
2573688
4753124
3207898
3655115
5588020
4161480
3567097
2795744
2841082
3989259
3925350
3180724
2781371
2711331
3586316
3012303
2061107
4166178
856820
518201
3410701
3850238
4196451
3986892
4855189
3488979
4240055
4228285
1097783
4102547
1048015
1684036
1298028
3584489
4533854
2658434
2326490
1350881
4865840
5426540
2699585
2066403
1957946
5098401
3096857
2542744
5268768
2748070
201555
3342905
5966306
1635237
3840685
3571803
1561580
844824
1005293
5724573
3953610
2724184
3910082
1600820
277971
5145891
3505626
4856653
5695789
2437987
2910583
2864014
1145006
233047
3522794
5588064
4299507
4900813
4303484
3771949
3896087
4531330
3285570
2447763
3797768
4775419
2372696
2139159
2660380
5428449
3494742
3469304
1999091
2730546
3409902
2918507
4273130
133918
3028861
1055480
6564506
1989032
4351956
136230
3566398
4545501
2716408
4087348
2578574
3007341
1796320
1175080
3714213
5149566
3782773
274946
1858681
4903072
3332249
2698205
1582132
152435
3317714
3157735
4136818
3783329
6140403
837924
1949828
4365588
3914151
4317833
3579642
4775681
2202196
1586752
72986
2801264
1501961
8757
2636235
463020
2487581
3778998
4973731
2564397
4585443
2612366
3360040
353059
1552781
4650186
2028400
1300166
4236257
4367677
3431010
4666595
866423
3620476
4705227
1983389
5098201
4677226
3564578
2916375
3922808
3818855
4803312
5176816
3694533
886411
2036639
2052231
3238154
2808092
2172891
4166937
2441334
1132404
1701144
5340270
2835070
5963535
397912
515163
457314
4298656
3514665
886088
3498316
3476712
4968743
2656820
3266849
4092578
3222027
2869629
3096932
3839595
4643753
1381001
4178904
3657389
3135886
3138679
3113305
5233132
1671976
4094367
1781355
2500766
3041157
3871996
2035866
4188175
3050864
3251125
2918724
2753219
3205441
1229364
1377950
676778
347667
2388977
174222
2266496
4786401
2406537
1195920
115869
2569450
4185732
4628861
900694
3775534
4038681
3748199
4071919
2063335
3757019
4628683
1883922
4001841
4443440
168857
2149258
3256304
1585503
3902173
816241
3263860
4179616
1473568
2372116
2100351
4738629
2600764
2083386
2926719
6141469
3560044
4729268
2918609
2772708
1307554
2396200
3584107
3627387
396322
1958323
4256311
3389645
370915
622518
3157859
3238692
3566037
3228674
3659299
4281442
3694611
5426467
560877
3712260
3038824
3066181
3233153
2625251
3601585
273410
3380483
5143884
2584741
3511678
5045477
1070902
4121994
339896
2691879
2522384
4474075
1921600
5234445
3577507
3614898
1179710
622518
2579384
1404340
2914918
3251333
1078440
1453802
4468416
4106384
2412703
3774273
2159984
3350152
2906294
2201994
1327254
2704495
3213409
4405806
1421475
3685076
839197
3102005
4634126
4099933
541976
2534248
2442855
2921919
3755306
6290560
4569543
4872471
3328992
3488995
4539736
4945308
1916797
2956671
1629755
1629713
5257632
4435349
760989
3602741
4150915
2396162
4353299
4691737
5096380
4246223
2797690
3445593
3767389
3853860
2014795
4262245
4033314
874499
3194864
4083125
4290929
3234871
3716371
1043269
1729513
4115094
4551953
3102980
4343104
3545036
2673349
3442330
3127215
1873693
2780658
3118295
2303861
3793159
274888
3238921
1291682
3007162
2884350
4442298
3433550
1576024
5214106
1756968
862187
3477881
2624923
1520085
4101109
1061944
2910489
4670124
2611209
2000121
2926638
5116971
1971142
2027391
4340969
4310981
4710973
3173679
2516587
2972771
3991052
4954325
4397975
3369390
6185955
3750860
2833716
3771387
201555
6097236
2857040
682521
3305361
2531361
3280155
3113117
2925528
3390843
2109855
4271507
2094213
1325361
4211808
3578100
1412750
3760782
4359211
2268982
1862268
1867724
2663473
3607249
1149839
5034120
2784497
2212597
4665939
2840139
3993152
2152454
3153721
2614960
3533404
71941
3457302
2821601
3427603
3367026
991081
1275323
2024186
2760845
2830298
2159108
2163549
5868188
2631116
3186806
6391652
3331172
4220637
1148362
5242971
3568760
1197742
3906582
2653058
2024745
5883354
3813563
3881897
3122733
2729812
3452153
4796855
2302783
3705363
4331242
4279814
4310131
5228760
2133866
3671341
3612898
1103920
2264344
5476718
5251212
1711063
3317683
2249635
2887137
3187778
3359235
3856397
3809386
95754
4192404
4388739
5182705
6725676
2248424
1476810
2905824
3806526
3174073
4875304
5297758
2862286
396493
5176769
3496420
4628765
1366691
4266185
2980316
3805667
2076776
4114194
5116807
4227933
2277624
692563
1624026
3175766
3858851
4411844
2215408
516858
172194
894669
2612131
2664555
2589966
4576530
2279856
2874753
4386350
5361335
5625798
2440251
5098448
2520313
1995665
4178451
2197228
3174161
2162207
1224978
1968624
2150513
1613971
1595863
526999
2655939
4475503
4144871
636089
2759510
1396540
637116
2194778
1250617
161073
3328371
3932968
295241
2117732
3615128
4427430
6114303
4305520
4489248
1651517
2154903
3175895
3669369
3940757
3279810
3996602
5662781
1828310
2013850
5728149
3388980
1537433
1114924
2692286
2213964
2805347
5728680
1965389
4390194
1634679
3702816
1971563
3695280
4803734
2986075
329352
4077565
1837007
4083709
1076115
1570771
2117549
1176041
2920523
4838477
2018861
4029556
2990960
2444393
4490472
1788839
615545
1165346
204571
2230089
1853220
4136593
3259506
743558
3886051
3032155
1844372
4503513
3658992
1374464
2837861
3078544
2468922
2278339
1273085
3215528
5469651
3547516
1122300
3087872
4279773
5497409
3588994
36880
4781745
4090562
1426161
2618222
358639
3281815
2569844
5097221
3469329
2118645
3634465
4059982
3658433
3048258
3132865
4885505
3344234
1960616
5896214
3452616
4718584
5056999
5408134
5174464
3431345
3579275
1986104
2544974
4595704
5630414
1055731
4786962
4381112
4483484
713329
3584440
5319941
770449
820918
1557936
3174730
3944713
4080689
2239867
3478197
1813611
5686037
317763
5645983
4008402
4354223
824108
3513313
2961925
3902493
4254073
3399990
4791571
2032653
2153245
3865669
1284155
2268027
4588750
2338630
778041
4965576
3061674
2512828
1364233
1283449
5836049
2775207
3923544
2247115
2303034
1094759
4108350
355721
5847934
4128842
2809224
4431284
3157332
5176132
4607479
1583761
1394084
316270
3471083
5784210
3454216
1778843
3145604
2380806
8757
1097430
3863648
4010422
4901029
3951683
4801660
1638498
3310191
3865536
5719351
2909924
4400867
3955712
5580817
3995461
2270827
4908907
1964482
1621052
4047635
589674
4175182
2450634
3891108
3744019
3257270
4491520
1913779
3072011
672883
419187
1481071
3752114
2085992
2524635
2037960
4254698
3085216
731943
3104013
4930617
4496530
3981273
3318559
4052453
410649
3562823
1405465
866029
4876234
4417321
2204694
4840739
4762317
3818401
1456076
1331995
2702941
4976574
3432289
4285858
719153
3833039
354959
685207
3456130
2686279
3961141
3984690
3447742
2105216
4403678
4833523
1536814
4163494
5042220
3268515
630263
1253772
353330
5720986
4627889
3150911
3723100
2861816
2966820
4245183
3471257
4619790
3801299
5155241
2782638
4232064
4940510
95498
4283854
3672590
2761372
3125860
3111690
5636016
749280
928234
4561022
800825
3470947
1923833
4181625
4672249
4083806
3553105
1641800
69768
1239604
3262777
1712901
1651739
2952632
720534
3122523
2961788
4507211
5479791
3792228
4395879
3839541
2317995
2829153
1836122
2484280
3793930
842039
777345
838923
1283487
3236947
1222932
6833423
793665
3733950
2504972
4257134
4795705
4726438
2831652
2876651
1771547
3643066
2239880
269885
3867870
6355191
2327154
1411015
12284
271262
4231321
4210581
2634817
3167640
4096103
1873499
6299449
467678
2762530
5442661
358639
3691088
4396588
2778344
1518487
4615840
5831398
2279124
2823076
3317097
3534631
5657577
2256229
5335793
2854819
1871651
3321341
5272170
1443532
3957034
3994024
4130057
4685612
1933091
1535317
4109281
2617693
1414119
2707270
1208045
4225485
2979593
1250126
1270087
3995691
2485884
3570057
1087309
6151748
6620063
4731904
2190932
3633882
2934870
5340023
1692949
5015980
2974637
3433926
19030
4686730
1393010
1695606
994084
3238839
3895756
3342433
3160494
2925559
5049665
4861835
2077942
2746576
4743887
2860719
5702404
5424558
1517563
1543611
1003816
5221464
2000538
5069702
3567032
2198512
4805806
5276903
1078903
1216339
1614501
4549590
2835163
2469872
1816969
2855011
5244080
2731056
3690236
3955638
1946970
3361980
4011420
1401844
2702225
4792431
1888346
1979594
3174668
3299441
1815979
3057573
1882464
3493687
4280959
2576145
204018
2832215
1577127
4114531
1184348
4649011
3322550
2430967
4253287
2316412
2108808
2727657
4870743
3632364
3310743
3056785
4764256
3308926
4809267
4715970
2998987
1718450
3656758
3951326
3231181
4245564
2462901
1996383
5348379
163632
374908
713463
167633
4401868
2544427
2069011
6108147
5181511
351602
2817601
2140493
1630579
1326351
4925407
2401899
3634784
3354518
3256676
2394261
3748068
2785562
6047871
4197095
1961167
5666480
1503777
3550942
1725194
1417776
3369610
2457761
4541117
3813298
3844826
4506305
2805351
5044731
5506143
3021125
2573661
905712
1725094
1134615
2386545
3875409
1007768
2239192
5505109
4379642
1862961
2346817
2833529
2373706
1071382
2754775
628394
4101247
2938961
2692888
4792464
3813160
1639855
3287487
3983320
3822995
3867507
847390
3927976
3201849
2821636
2917650
5787715
3623791
199408
3445157
4930737
3297284
5072012
1668357
3961306
2393281
2859781
2748839
434962
4266155
3807231
659004
5674294
1437773
3962724
2210906
1042396
5059972
5292247
3986335
1765100
4099431
1346866
2938620
3934646
4870476
988940
340502
4476445
4292735
3743418
4605760
1257246
5463530
2785157
4941523
2417656
1871440
5526341
1904106
2460171
3839638
4712953
748043
3067478
3342984
3240473
2942139
4992466
4039248
3523008
803369
3555348
1001150
4287911
6301459
4573278
2900246
5046204
3267563
2331260
3094522
4472360
3580403
5837922
1510542
4167537
3126048
1411638
457953
2705492
2286906
3017698
1039613
4748917
4098184
4851573
3074552
2905586
4472004
940640
2419794
3672893
2259940
3651978
4367877
2116133
4342575
3468730
780498
4724882
2728680
3648673
2286244
4278800
4458125
2674530
2731668
3354461
2439813
5196933
2703826
3947310
4935942
3897450
2141772
2843919
1712791
238915
1514445
4575461
3458021
1852166
3526087
1621681
4459831
3297994
3318166
4939360
5743138
1094604
3643752
545841
2881660
537999
201555
431180
2281753
3968375
5703913
2481938
4711835
2935884
4005329
4738938
2815222
3468080
5041246
4541121
4814471
86526
3429257
5090162
1911925
4421861
2275464
4829369
3568051
4584941
1636908
1574337
3787860
1801127
2499799
3587939
4402785
2760266
3948307
4289092
324648
4342157
4457921
4337156
3100890
4553479
3830968
1824292
3975411
621371
1491411
5984064
2776807
1414119
4346616
4652639
3211123
3779396
1169680
4985872
1497498
3152499
4305038
4695177
2972309
5386183
445419
3345686
2067355
4938942
3635569
5565374
2256838
4171585
1242333
2670645
2245392
2730566
1969778
641439
164293
4442283
1571258
3332349
791258
348605
5342192
2245701
2728201
1290155
3902485
3755501
4433094
4056558
4927610
1414119
951089
8757
2534730
1931081
2520521
6230424
2587566
3660179
530515
2353934
4756861
3020315
4629981
4437038
4219586
4591308
1593894
3730261
3995837
4626158
5567081
1732281
6281876
4113202
1918851
4341012
4296761
2619540
4750267
1120099
2785490
5770956
2071387
582881
1749427
5382098
3647086
262026
2284746
5106206
1191452
4083309
4061869
2414415
2192559
4795773
4081010
3675391
2793983
2311184
3912888
4932244
3765071
4759624
5158187
2071662
1621626
1938993
2917604
57383
3866031
1239720
2760888
1520199
2954103
1539403
1540332
2961133
833237
2656783
4013900
5137748
4470394
3241914
4628372
2878185
617477
4326468
689969
3186299
696624
1778526
2303162
2161447
958100
3831438
50677
3083737
2429227
3200702
2213881
2922009
4647673
954074
5045582
2765687
4807874
1773521
259145
3461865
2423827
1884008
2363960
4112997
2582089
5105815
3850483
3290819
4911605
1690166
2951967
1732553
4634734
3687256
1986834
3837873
1374802
791643
4788404
1246257
1563231
879314
3923233
1252712
4503121
1428313
1051828
3475902
6103051
3073134
1362192
2325030
4180310
966683
4997496
4296319
1168708
3654664
78525
3146384
6312510
298490
3975732
3522530
2697510
3820818
4284304
2852845
940452
2385711
2994809
3616105
2120812
3355352
1147635
4765540
4882925
2149532
3650366
4436366
4711818
2168319
1691995
3599928
2382923
4201239
4375722
2134502
3517536
3624256
2190127
1664860
195249
1908422
673254
2549202
5283001
1317128
4783269
3013937
3467720
4454165
3509852
4671933
3788217
3113661
4375378
181292
4540339
665637
2728547
4950201
4783531
3698542
4062865
4051203
2805633
3221036
4187666
441250
4166121
5842465
3530110
5308352
3570012
1931664
2339852
1246173
1934729
5318136
1496174
2367402
4821283
2295937
2874964
3799876
3019624
4049656
488042
1476821
4572957
1759050
1781043
2933325
420261
3832092
4081460
3945150
4709946
4107094
4805792
4323387
1566668
3315413
344799
171488
899329
2431874
3820698
2137545
3771038
201555
565124
2716371
3031130
4935556
3392931
2288724
4154998
2018214
3555437
3968189
1475738
4798800
3075900
1583801
657129
1350312
4420607
5334717
3107759
2405993
1200452
5227320
3383529
3628743
2710026
2948884
1991203
6674069
2284711
3129525
5610347
3948521
2081796
3668181
1216915
3501777
5631528
4385988
379731
3847472
1832494
1272859
4338336
3415298
3386081
301045
2808973
4170492
4902754
2470799
1282538
2558381
2603053
962497
5123367
3085969
3398773
797339
1700508
4599817
3351573
5268136
2048161
126890
3876378
5200912
1096810
581434
1590921
3967247
3444917
4184559
3480705
3730086
3723963
3751772
2917860
2763965
5698791
4599220
2666869
327998
3041118
3280362
1976440
3704813
3584957
5178613
4462711
4511580
1259981
5594939
6375866
863516
358639
2364777
4181106
1382416
3964288
3634633
2279224
4059727
3659897
3889830
4465709
2836816
2882675
621217
4196666
3797690
3661897
1629609
429360
3273769
904542
1137374
4695916
4391622
4649469
3889888
3735064
3200817
3785241
4075091
2143096
910976
399706
1468402
4089089
2879215
1465360
5460090
2518711
3485537
358639
2908117
3516368
5017706
3961355
4238791
4650635
358639
3267261
1137961
2377153
1489523
4819326
5303175
1497196
2346354
976933
1725301
5349969
3186438
4077517
5066959
3105773
1953742
2342804
2673023
901879
2694876
267528
3661262
2978867
2775327
987125
727875
677704
4077916
92661
3668755
358639
3327785
919112
1463866
2983701
3701469
1251556
3286623
1476495
4546296
1963765
2323078
5176483
3906969
1593887
1308765
3382889
3234617
2061086
2131878
4111703
3259527
2523968
782286
3819261
4407286
2696880
360028
4627763
2026524
3417078
5441037
1374297
697083
900259
6364233
3096058
4634493
1267021
1878517
3803678
3764923
2435343
3206365
4611851
388929
3232921
991091
2280904
973313
4777751
3962195
567432
935728
2418214
2404822
1497693
4244899
305375
4686906
1450987
3530431
5272516
5010237
3298895
358639
374965
3343257
4422610
6088022
1999700
3926138
4961232
3953307
8757
3014643
6026825
3221760
3771617
2629008
70936
3378880
2328174
3444294
201555
4096157
3356596
4188581
3294401
3401862
434962
1745331
5103548
4753067
3335664
4696525
3166103
3338857
5784878
4234320
3820457
3837134
2651333
4464955
284202
3134614
2584586
2576302
3038839
4367215
2648666
3016107
4269578
3801671
1534590
3893726
3686066
3945790
5341257
4594910
3848807
1004314
5323681
1576759
907972
1319491
3709394
4339736
2729481
1486935
115869
4872511
3948722
3219007
2047666
3507061
4284118
1836675
3388849
3803046
1261408
3761721
3731415
4883518
3088035
2559976
3725618
4817634
2823312
1988379
3955591
2862929
4970475
1231565
1607460
2939229
2349231
358639
4676407
1450158
2238465
4809475
2195586
3930029
5564217
3277208
126890
358639
3372724
5237559
3250791
3550570
3488071
875965
619478
1740964
2796455
4314180
4149925
871731
2683288
5197765
4018030
3517068
1673637
3389486
2810123
3233424
202961
3504227
4846683
3103249
1367244
955899
2109515
4608432
2574897
607518
4822203
2613759
2275395
2358912
2271479
6344598
3888407
4213875
5099439
3714878
110028
553395
2717623
3690346
4778537
1440546
1416404
3017925
605665
3244883
2903326
3491697
4288953
3994564
3915802
556386
1310192
3399837
3789037
1366745
3775855
1684947
2061301
2277857
3595282
5322998
4022568
3597548
2706405
3566149
4344069
3284053
2284919
5999831
1069665
3557287
2111017
2546294
126890
5790717
3463296
1778705
3857479
3981648
3100216
1755827
2608751
2525716
2837235
3872682
3405242
4712466
4120814
3111995
2592494
1714101
3719564
3643574
1682460
3095818
3704894
4125214
4801665
2542224
2904165
520545
4559875
2553952
1332560
1766714
5225034
1652996
1877716
274565
4007907
5207747
4334763
1622767
910481
4074041
4346616
2134993
5089133
3666014
1709021
3418443
3482446
4794785
5298649
3380139
4535800
2230740
3026368
3116188
891232
5339375
2332379
1027180
851853
5267388
565383
1171229
2965640
1566587
3236005
1824663
3140076
3572506
3653217
1963403
3187900
4680766
3876248
2214825
62691
5247286
3125588
3455327
723585
3185184
645627
5192426
2282811
5723368
4056228
2740696
1582146
4162688
4052177
358639
2473110
3781717
3124742
126890
2566347
5477938
3505946
358639
4072083
2493393
1229316
544220
3157630
5287335
3760889
766966
2610002
1869315
2233934
752740
2060374
3363685
649279
1937699
2583850
4712841
4778938
4027724
5370209
4049416
126890
1350520
695482
2176290
2717405
2792035
3857536
1481396
1697049
3032564
3323144
4317876
924201
4639565
1409584
956391
920325
2991414
5339977
2555233
2015991
1127877
4596617
3580248
1467039
4255599
1220438
4645625
4434978
2596433
2947359
4037487
4850684
5401624
3598084
2589816
4177171
2451512
1546697
2033374
1296695
655278
4345362
3344950
3518873
4810438
2764639
3856896
3096746
4232436
2857797
4200554
1964812
2663598
4972637
4237523
2259702
864323
6098360
5653438
3351575
1881452
5489939
5703440
2613268
3453394
5191278
4478217
5803691
3180245
1014093
3999467
5095701
6005145
3623078
5823630
3347525
4350754
3585093
2612155
2066798
2699742
3611877
8757
3443118
1724970
2025089
3202785
5105104
1692090
3566921
1075250
3860987
605905
4070990
2721890
4675962
1217999
4353117
3366987
852896
3963667
1031338
4126334
2976130
3503198
3749894
2399058
5887565
1572203
4943095
1560329
1014984
2714974
1969364
1261878
3707410
2161319
821020
2089449
1631021
4377591
3431312
4369140
4333380
4038745
2773226
4098617
2130329
2655349
4116754
4873338
3034431
1126385
3547039
1250608
1023424
1495072
4290239
3167250
2876867
4423540
1818291
731439
3778976
4723247
2536577
3540278
2742412
3540661
1754061
2279676
5501945
2776565
714186
287141
4091230
4075363
3214857
4077164
2442814
1143032
3424033
3415355
1964935
2785656
578283
1025429
877148
3351567
1171148
5203904
1690751
520044
3091298
1110826
2064851
4729374
3999005
1849770
4066067
4418986
1439955
4407555
2908727
3579054
1886933
3583411
1846603
3126704
1430446
5319808
1045635
2569751
2806513
1030898
2846771
1093840
4240678
3864417
1601918
5624592
5198765
4000838
4150945
1660764
1616144
989697
4545954
4671632
69768
1984550
3958678
3784411
3479086
4148243
1937329
4720707
3707365
2857080
2427121
3653361
3387221
3622512
51875
2862554
1471161
2772637
2273697
2820353
5544301
4645759
4400438
4462724
3654373
1233964
2798943
4035421
3203184
3445755
5513073
6267455
2521368
244377
2537577
4492546
4561213
2182895
674956
4058631
2314116
3311760
1140794
3406451
5723067
3716030
2195999
643741
2409188
3155911
1055412
3174832
4913002
4450591
76115
1124879
5851648
4952179
4919778
1567737
4389177
4326518
4189028
362559
395527
4833460
8757
3782332
4624352
3995437
2556176
881205
3241964
1737090
4931833
3777696
4874366
4652509
1200227
3513820
3283280
3663013
3951094
474360
1115081
2024342
4622857
2346190
2069890
3497134
4204619
3477489
1845130
4078421
1729933
4959365
358639
1112962
4165021
1312915
3206731
5040690
2439687
3215190
4499558
5578910
761394
4953697
2593936
4716151
794700
1494342
4931924
7433704
1084865
2387838
2656595
5154539
2131086
2852443
2548977
1474122
769679
1372164
2879307
3357306
3571942
2035412
2763549
2913571
3272422
1558672
3232046
3500930
3900968
3662115
1054249
4519247
2549155
2690783
3231592
1377933
4412325
3362415
2863751
1883174
5658861
4258373
1515810
4000005
4446644
1211834
1128097
984309
4219782
1621690
4214874
2578212
3906588
4509512
3474644
2035104
3556584
4543622
2941286
4229700
4854805
4289542
479287
3671099
50677
2241681
3894946
3766833
4993488
358639
2481827
4010112
2666051
1735568
2241374
3827914
3801619
5644061
3622995
4150863
3074047
3072572
2784719
1529970
2961703
2393160
5382673
1949344
2187945
4931693
3409133
3951425
1571804
4874196
4103530
1677998
4367939
2381304
2669877
3843808
2227151
3081962
5251823
3931411
4171924
4620883
1974562
1747761
1711400
1610120
4403602
3795097
4110078
3304115
4630677
4730768
5497332
3615197
2939973
5027940
4300200
5781675
1620508
4692957
1914964
1490536
1270844
1469143
2919747
3014962
2981958
3796535
768016
1485881
3056548
2953274
4018561
5025658
3727157
3309750
2449151
3466322
3211692
2685006
2998129
1309407
3889836
4618443
2305389
2001479
1584324
2412496
3156291
3828965
3501029
6354796
2753636
1459401
5988777
4537019
4525468
2438939
1516176
4366083
5963763
4574164
3646225
2455109
1665739
3796471
3239031
1931332
3795029
121914
2606391
3293479
1748685
6024850
422242
6574377
2765521
4646210
1907230
976933
3230416
3630906
2436621
4512961
2455323
3473136
4743813
2673154
3700134
4421374
2668045
1592024
4191701
542493
3292639
1065735
1545314
1675646
1471640
3602352
1072738
2825998
2598931
2096031
2269925
2536238
3237505
2651657
3174501
3672623
3572798
552505
785888
4586729
2768280
274541
4083525
4199317
2245200
3528402
2156875
1599073
2992083
1709733
1807157
3187088
1163815
3861430
1597637
1118808
5259225
4226576
1163562
668420
3867094
2611076
2892989
3070906
2709711
3379619
3398292
3067525
188984
2347643
4523734
3747170
3604148
4532596
5191488
2711385
4700429
3822350
2496727
2410821
3201027
2363434
195436
2758551
4907612
1005977
1731666
1640520
5226887
1938147
1428327
156074
3502757
4296157
1972011
2867019
4879917
1622637
1339864
4072556
1996702
5108554
1855093
2078636
1896967
2784878
1205052
442186
5053028
1693527
2441762
605387
456094
2331656
3612386
3324184
427103
1532789
2589751
4291478
2291505
1771421
1573940
1564086
2742342
1827725
3923080
3890877
4146087
1238032
4618445
3521137
3538706
4693475
3382444
5031980
5064911
366018
2370846
3303774
3223005
3231004
2708080
3633730
4602232
3487814
1087760
4614419
5155071
4196443
1656251
3447620
860156
562106
1153169
1721320
3524258
6044716
3723330
2531358
3659172
3056780
4253653
2682699
1778951
2351289
3435004
4685714
4076042
2257567
2177903
4264340
3064187
4277822
3464733
3358794
5099011
2196764
3277317
3509942
3147006
5163383
5421362
3656271
1661049
5589524
2681085
3222953
2275086
1966204
4457723
1889742
1792584
6506502
2916422
1927853
2195172
1945176
1412112
3767032
4254708
421716
1724610
3471140
4016469
3114504
3188243
4338698
569313
4315147
2954928
4102242
740285
2932823
3105940
1442876
4769377
4388441
2899595
3404700
3862007
4118452
516472
2456823
4343828
3698576
3680720
3585117
4209181
5790959
6163441
1725858
3801771
4603009
2886903
3599936
2542801
3077578
3393601
4680646
2343864
4244889
4261575
1874092
2030181
3486371
3019160
5491450
2655336
4208278
3016181
2763833
3432277
923955
3480265
3504566
683234
2597612
67250
6209490
2987120
4128108
3907720
984630
2656825
3485458
5585425
1018989
4035898
3258300
2842119
4390220
440916
3751548
8757
3274047
3814197
425718
4463219
4585351
3061464
2504612
259158
4448004
4098108
4713371
792959
2863381
5067792
1700906
426957
1529539
5741346
1352031
2984174
2236853
503849
4411915
3970387
4166129
2220370
1761756
328445
204934
4227428
3321259
420261
3897651
3279648
4191235
3594412
3582530
5981082
3839417
2785300
4475945
2985722
5609136
895619
2992222
4508194
3641950
2232550
4895137
4152008
4290304
4647220
1989243
3203415
3714579
1794203
834364
881063
1816487
809580
3897905
4405096
547562
2376055
2278216
2444206
3706707
442186
2980961
3723128
3542225
3827138
4637196
2156266
3803658
1280842
2251151
3825198
3089562
2088196
2178765
851600
1844794
2556987
2579743
4508107
1700275
3367857
3808809
4180553
1492695
4666919
3593836
4895121
4558901
3097385
856102
3162046
1115931
3899947
2650443
4297335
1494228
1611458
6155908
3975823
1154767
5330051
3651869
3423010
2131913
2200543
4823209
85080
4987053
5486027
6003123
3542995
4323981
2092689
2877179
3158830
1986911
3020508
3264044
3802877
1975406
800825
683001
3185377
3291607
3539451
3050491
2135628
2511630
3995332
5416628
2432454
2320500
201555
2722419
841541
3949041
1956659
4520913
755240
3607294
4710768
811821
4198058
748006
2436320
2914456
2952536
2934483
4781931
2586695
341413
1014973
3651073
3515181
5810084
2571097
2527441
3368184
4528514
3622381
4910294
96153
976933
3512770
1158330
1110720
1521616
2645245
3349959
3611205
4196595
6346433
3437192
1977700
3920002
6213142
488121
3004156
3956467
3809445
2473997
2808099
4530575
3026320
545582
5243746
3242081
3185433
5051709
2488713
4019183
4611075
3943842
3486594
4609954
3701976
3199590
3412874
634619
3343573
2129335
974148
3839702
4065962
3476606
3232921
3650196
5061775
3922058
1175711
466479
4927334
4056900
1476201
1186285
4016673
4201354
3207128
342404
4616171
4535573
4271787
567644
3140375
1539198
1229115
5176063
122624
3899931
2919887
4253292
532578
2801960
1484403
5223245
1826428
3240539
2956291
3032646
3355243
4443910
3380702
1398991
1646857
4978523
1901502
5454965
3323635
3462843
2113286
2343254
1246253
726765
3736336
3907657
2470479
4224888
3985575
1397527
2411554
3634749
3133841
4869376
3230922
2076077
2375444
2874328
1580830
2997334
5063800
4105000
2466906
2998337
3369232
2488488
497871
3971566
3177359
5125563
2875400
2565763
4458665
5029873
2263071
3825452
2767160
1446274
78525
358639
5471346
3933391
2269769
2098449
3841931
1748249
2804969
5324724
4342641
3287608
5517420
4249028
3518304
693647
2800419
1747853
3276106
1443433
1553
5262254
1116500
2913034
3231183
2715420
4585252
2607933
1221134
3511056
4434110
3017568
3954692
3029788
1382062
6222467
2807508
4042006
3689244
3087860
5133261
1958495
1412018
3444771
3273685
4990107
4512855
2933829
3896609
2039311
3797727
4554074
3916195
4992827
3482435
539879
2516049
469530
3150575
1252018
1048627
3985308
997061
4914652
5586348
4462358
4300592
2874871
1862749
3091582
3768044
2820417
4706599
3597768
1328308
2872414
1436777
4072998
656239
3384039
4061913
3942205
3532286
1875683
4185283
2512244
4138238
1531350
3615820
1442113
1748070
3635521
4078544
2327664
5003838
1562535
1091691
1809340
1108751
6432391
1817133
3924909
2268108
3149054
3990852
588180
614082
4196923
5559582
2638790
4019303
3030284
3358372
2143476
1363714
3868422
3063454
2280448
2987316
3894461
5144028
4452516
3822908
2450430
4415018
1775079
2211855
233192
2678978
1584301
1374149
3071846
5574165
13665
3131216
5433285
3886814
2426622
1978587
3199646
2939877
2633643
4340775
4733643
4644482
1237108
4630700
4190396
3958054
3484607
4429759
4176761
3333015
4262189
4630997
3867833
927004
4523254
2310846
2994207
3107368
4761061
3814510
2148862
3785858
4882581
3381595
3263684
1732986
2600381
3194283
135305
4475145
1434526
3154037
2213893
4323908
4882916
3054184
3724216
1999248
2708558
8757
778317
4921334
2634861
5747335
3389085
350092
4110028
5923229
4468298
3563761
644758
4916494
1096522
1811403
1691667
3364463
941751
358639
3635140
2163234
4250115
4095791
2218738
3426975
2904816
2759016
534747
104381
3698142
2573133
5419248
459592
4992623
1215626
2625045
1870076
1298895
1070218
3901033
4533347
3718292
616396
4256156
6535223
2966611
2498251
5379577
3046641
4466179
1812629
2774812
3109596
3518286
4726734
3282610
1469114
4455841
2690223
4123814
3335020
694953
3679060
5103906
4970205
5539279
72986
2755239
4844322
142461
1402806
4803478
2282471
719973
5722392
1363346
2616666
3562048
3820002
3229067
2940539
1216473
228271
6240896
3162169
1804657
1669161
3550448
1094829
3773265
3865431
3507735
3358604
2964899
5430421
4552670
4665379
2333463
1819504
2574694
2394806
2181990
5391803
3956963
3255892
3007510
4527911
1954983
4308158
4520938
2988035
4164187
3002932
434962
1385466
3978092
2027047
2037062
4094177
3590714
3075944
1239985
2512776
4124384
1881882
1313661
3214490
4334058
4608429
3696812
1366924
3013843
2818499
4046720
6247260
1429682
4745344
4214394
3168107
4126350
592792
1142409
5980169
652923
1694549
2868861
3903813
4748337
3667719
3438920
592673
2229650
1947231
704853
3017860
3913033
3516573
3738394
4246165
3970247
3646181
3885089
1917323
2703860
1223664
4445462
3699153
2759894
696306
4668772
3713717
1101985
1782496
3225148
1497773
2830034
5250212
3319159
764826
449888
3341992
1279876
3309706
3168515
4990061
2588310
534747
3238484
2036646
2016210
3089987
2788268
1469970
3654361
1549184
5158713
3722021
867937
3786986
1187054
1398553
1498123
4637045
1565374
1479787
1679349
4735895
724631
3038000
3191196
922851
119952
2397381
3962199
3851062
2553032
91212
1575524
2838016
6472734
3471136
2792705
3315390
4611483
1130519
2168890
3713310
3405101
3080124
4278262
2480982
1229876
1163257
441270
3111769
3939153
4305201
1074650
1970179
1888138
859861
1857582
3947823
3220309
4542667
3133204
4538496
3105155
1116941
3011000
2283359
2634895
3372728
4601777
2376934
2045515
5272280
4124140
3836573
2697758
815691
3987414
4173607
2708003
3993811
4186263
747597
3304955
4429842
2482677
3118522
5327134
2801189
3620274
2000533
1354756
5259092
3317566
4308314
950044
3735214
5648962
1416068
4457992
6297542
3052187
1904777
2390921
734078
1354396
1827899
1136945
1685103
4283021
4661118
2772001
2787541
4185422
2689485
3873050
2898866
1351540
1364827
5249984
4667608
3366579
2730867
6413814
2892816
358639
2823718
4513150
4186498
1069964
3239635
1423298
2843265
62691
2133489
3851633
10485
2762423
3402889
2043534
2541255
2485999
2755339
357489
4209866
538945
341715
4481193
3502366
2064166
35761
3480328
2152023
5094254
3798786
531981
5844361
508334
4996470
2379132
2161437
3854401
2904836
1839082
129150
3316542
5435676
1968939
1759642
1804212
2557676
1949476
847204
3194771
4424346
3516866
2620397
4570903
1414119
3863024
320273
486389
2298348
3877628
5085884
2356510
2077361
8757
5328212
3936481
2412209
2829615
4457710
5120668
3942230
3414925
785608
3535761
610695
5545882
4953995
2497367
2198693
3486395
4272988
292440
4058606
224849
437148
4012421
1135753
2058739
2652883
2986536
3341378
1226167
2958994
2303572
791135
2905707
4090629
3896091
5116619
841571
2914335
4344253
966936
661153
3499357
3341378
1176769
3551949
2446817
6343868
4581890
2640353
2495366
1005773
3664934
3452808
5507954
2944759
3299629
2665253
3962231
4953059
3763360
3901113
346794
4350865
2158477
1185903
899651
4389274
4583987
3607352
1153366
69768
3584468
2376383
1334328
358639
2992306
4119854
4293573
2415165
946693
3661275
2384857
1001232
4733848
4212267
4484083
3403250
5885768
3861402
3176495
4034072
1830243
4621487
3592045
2119194
1193505
2185471
1775535
4444156
3049965
3009509
4503536
4454601
1173804
4164430
3658603
612928
3782206
3110955
3864172
1852807
2687444
4497943
2494778
3855896
3893197
3996884
4545226
1211517
1327251
1932337
171001
2740890
3292944
5270603
3963022
3511330
4846841
3714469
3185569
2322042
3064470
2848447
2928451
3855731
2284358
2856876
3936649
774858
2128509
3830070
4726340
4625703
1777567
3391937
2326726
1460688
915979
4466452
2653599
4090132
4331691
2077742
4912941
4841771
4531303
3041732
2073424
4033953
1400112
4997539
4231694
3556431
2438032
855312
5653490
2036896
3429923
2263708
2824219
1918551
3273067
4541734
981045
899384
623909
4744098
3433540
3545581
3443836
4211669
3625692
398926
2923575
890488
4535159
4771684
4384244
3201145
1794986
1186404
101484
3992833
3060624
3265984
4470200
2166039
5629497
390593
3050358
2076794
4370747
5266224
4562751
749512
343884
4565139
2312504
1989360
5148699
3470887
3740594
2807592
1695143
524060
2427337
1431693
1133372
3297458
3566408
3904269
4940136
1207254
1288437
3521468
4401128
3121172
3762772
2140001
3658700
1162253
5633749
4374889
1592682
5349587
4906682
1512215
5185624
42689
3515933
4196528
1675504
3354945
4421586
700687
1849279
2704182
3332959
4234284
3890215
3693137
3409154
4467827
3188655
1846590
2729113
1365000
3546023
3901301
3654316
3115191
4259019
4915816
1608539
3582063
3248198
2367738
1726686
1321465
2546558
2746345
2951595
5598854
2292600
3514779
3904849
3588695
794399
996645
1599457
4188196
5031350
3826014
5876782
3160540
4537989
6230921
216571
1889267
3318245
1841042
4440561
1305069
879351
4771453
2800668
3996905
1564052
2224926
5049088
1145484
2538975
3307661
574924
2059388
1276528
1774434
5813218
650065
4936526
4861078
1565742
3905680
1334656
923412
1323597
4693059
817568
3254601
1728532
3889949
3817078
2674199
3443431
4283814
4165745
3268437
4625175
3278974
5408516
2932441
2837058
159833
3670970
2059844
3626476
1839932
2998849
1336729
4461309
4475562
4909333
622518
4134814
2273574
2600254
3771230
828861
2887535
2618850
2339905
3990538
2259519
2464542
2904235
3738160
3076315
5421914
5361003
3507505
3716721
2620094
2835048
5972988
4152464
2331019
1599236
5241030
4659448
3409938
4635000
4506697
2160222
3688070
5526751
416258
230473
2015937
1817990
4310498
4853511
4367623
1930180
4423017
4736470
4203793
2358932
2720618
22125
3508563
2634448
3662671
523337
4019453
2375107
5232186
3052178
3041595
5692986
3780453
3450088
3597548
1697160
527816
3955070
3682121
2308447
2063165
6210216
4284769
4401759
1176229
1875266
4071196
2529333
4656718
1444128
464155
2885896
5372447
4791871
3587828
316270
217684
3931603
2836914
1518027
2393629
3694434
2950015
3823977
4295514
4534740
1702636
520517
1877926
599542
2358409
1961755
1749538
3144113
1512486
3699215
2313868
2239001
2589561
1580965
622518
2901517
1803251
2697467
1328348
4351863
5079
2520937
4431047
3128156
824336
1705472
3439124
4243448
5484099
2524557
4159022
4123315
2827434
4262069
5417323
1162541
3834675
5606946
1378461
2860373
5238004
3006758
6336846
4721457
5548645
4486652
4213843
5069543
4642686
2976997
1407097
1163286
2492640
2748877
1408061
1753834
5469449
988360
811000
1710933
4733208
1309810
170162
1821579
4474645
1666395
499028
3740681
3091474
1628394
4286230
2587416
2870523
2482994
4322366
5505253
3648745
3508328
4997284
3272674
3873555
4715542
3326364
2612444
2429563
2286725
4213145
1912460
4686264
1307931
231552
3758050
3989306
1378232
1819775
4777856
4671233
3753947
5514838
4025182
4106298
1835746
1642981
4939976
4890967
5697807
22726
1604885
4653776
2106331
214835
3477734
2974490
5772734
4830619
2179750
289457
1273842
597800
3638978
4194808
4604263
3351598
1862034
3155418
2724323
2634572
4299597
4693207
356432
2363938
1859116
4959646
4596173
5233659
210117
4522951
1983273
2717360
3072783
3302278
3157518
4909026
4598616
2978330
979764
3885946
1507315
3084678
2259980
3816585
97643
843130
1080583
4376022
4772882
492668
459393
1214029
4203722
4628886
3998850
1681151
3703258
1782943
3152988
3518575
1758973
212775
4303359
2339641
1657796
398766
2668114
3218131
1611750
4683200
418092
1147277
4965223
2194021
3206681
5363341
2597147
3282565
2797805
3720711
5251324
1019385
5077619
5069818
12968
4949658
1840446
612800
3577355
1111967
2296253
3046519
5083103
4707427
3421140
4625672
1920902
3577736
1392907
2477598
3711690
3654347
4426413
4148279
1486094
2254151
4085639
3525178
2002938
5429117
3926312
5446940
3105910
3723852
6040818
5034515
4882414
936589
591405
1709391
3575209
3543063
2366913
5545064
5112469
1767123
3137345
1942124
359394
392327
3667256
2451722
3071190
2683687
358639
358639
4437444
2231646
953476
5269666
3886271
5585439
3281840
3111199
956356
2701765
2907921
254299
6494171
5717773
1025139
3158568
4077663
2548685
5156785
2403339
1641148
954249
3250629
2420539
987910
4206647
4462474
5093665
428669
1369885
421443
2389969
681561
1947602
1678333
4330651
2231711
4973065
2846753
635023
1394261
3232345
3951501
1258466
3925758
3757199
5648565
2195086
946256
962191
4806479
2961312
3725529
5310546
3298150
2826229
3119725
4143710
2928022
2435849
1469227
3320012
4981890
3013725
2860984
3395931
3719145
2341074
3528700
4170939
4867253
4127066
1489202
2023215
5006242
1409697
933574
1083081
4532694
3540191
1946756
2353510
3723286
2999397
3268122
5196228
3198428
4313644
2039794
2790255
1335190
5626335
1231415
3115917
3061159
3161107
2357761
1338322
2510118
1641884
3538808
1931367
1017706
1852610
7006573
3134863
2634492
1705320
4281097
1433601
3598303
2051455
2637181
3751471
3345847
1890484
5536773
3478712
626638
3116398
1809892
3670160
5100399
264933
3990364
1453270
3571113
3126360
2487877
2271626
1065309
984569
680865
4630370
3331426
3614149
2068298
3830333
1693772
1169501
2517681
4751613
358639
1017279
3184842
3880957
4015133
1743979
4392194
3794683
1513254
4125363
2332570
1029798
4254157
137907
4291808
685623
1977405
3686834
2576073
319578
2634106
1510419
354592
3691648
590716
2101981
1561476
1937728
2303010
1457828
4442202
1024223
2701880
3124227
2506247
1820785
559937
3669076
3009894
3219977
4527468
4444981
3729469
1846054
2957880
4345400
1729650
4503350
1770495
4873017
6496671
2749861
1252683
999431
6094905
2059600
854455
3921523
2265385
1683229
5085093
817001
1743436
3379894
358639
4758381
3245761
5548853
3599903
79397
2769121
4444597
3011439
4882159
4971679
2766182
2503618
3171236
2627712
1041793
2058018
1583968
4449382
1867976
2075143
2435746
2401070
5781492
3183753
2032861
2771362
3663533
3386974
4767487
3859454
5540620
4804187
4102939
1028745
3249306
3668135
3767783
1419130
1831435
2983852
1220137
2252432
2070680
4391361
3827962
1747356
3309319
5141283
3209754
748585
2753251
3462672
4652741
2278465
4601395
4591428
2589559
1465673
899367
5738300
2496431
3299624
76323
4991403
4585726
371607
2022838
3628842
1207778
5007205
2027247
3047975
3129003
3673001
1360296
3631820
3311209
3750699
3504345
2156475
5141335
3369885
3588044
3782151
4533511
4466571
3666792
365019
1810159
3107790
903500
4318277
2734651
4593892
3152846
1296026
542397
952127
5027313
990958
5415292
3361073
3218205
4031553
4266896
5463415
1897945
2904878
4948670
2817351
3504390
3438861
2913770
1498964
5028356
4856349
3115028
4712337
3310268
4541274
3677177
1652129
1080518
1496919
3311287
3668699
4187668
4481504
3792998
1588041
4059924
2787269
4501019
3974661
1120262
3255940
4549781
5378917
2068275
3329282
2856439
1653805
3692267
3675451
3483929
4204602
4734820
4120566
2269067
5211055
2108841
5437631
3519591
3086872
3696569
1698959
3361159
2981137
3633246
4005514
536100
4626894
640987
175484
1481922
2017710
2619659
2574519
2070473
2975898
2232672
4783890
2779274
2511277
1968178
3073530
229039
4944331
2268071
3027953
5321109
1483198
1206395
1449096
2549934
4285349
5581686
2995415
4500465
2647010
3544486
2292685
2497044
1508573
4550807
1285385
3970865
3726256
858705
3191334
1098640
371717
5256822
4608581
2660602
1986303
1446970
2058269
2839078
1554497
3289487
740863
2045994
973726
988229
3348249
3386135
2103925
2792796
1149333
3341639
802953
3298402
4336714
572759
2710215
1688854
3336022
4654778
2194220
4557968
2388669
4464840
3507832
563374
3537127
3096782
1349244
4513391
1670626
2111875
201555
3862933
3688890
3405565
1068353
4125240
3094168
496606
524519
4140355
1210134
2914891
3363052
3665812
2170403
1426971
728759
3692006
3747146
4021286
4807919
2868884
3625260
4357428
1681308
3802178
836823
2085903
1509701
3172839
3030966
4065888
76323
4801998
812378
3173158
481005
282956
980913
1303584
3047429
3882115
1904017
1218150
3437047
725449
3849634
2759142
3150063
2171265
3769316
5138029
464115
972605
4608182
2378379
2006245
2913853
4118340
2509910
3873259
2933511
1184492
2283221
2067456
3673540
4122700
1153157
1951723
1844591
4648057
327474
1511790
2261409
5427545
1576429
3910557
1480766
3171765
722527
3711473
3702468
4542007
1848338
3833209
3396675
4594951
3896374
4322640
2688170
3807809
5113869
649819
5086994
2593066
2873200
4166163
2520774
4242953
2251745
3317486
428077
4426282
303488
4623042
2722796
4275338
4497999
698489
4937451
5636173
1435010
2193504
2081945
1884533
3369244
2858461
2627526
3837265
4575778
3825424
3437165
6253929
1279275
1526052
3751898
2011260
700907
163437
2064546
2301396
2389309
5800737
858737
3241291
3355941
1084169
1106452
3679445
3983295
2656277
4147625
69768
4737738
2608163
695908
3704386
2750683
2326300
2984708
1940834
3527753
4562645
3162114
3790055
4015481
2890905
2666902
2151124
6440792
3424148
5103708
3454968
3404233
739293
1914386
1762280
3519396
159918
3835554
1669502
3253238
4431272
465434
1269760
358639
5390168
1183473
4629580
3783381
129022
4412813
4696602
394209
4116312
1297173
3294028
42857
232743
6451611
754194
3138631
1294236
2274569
113902
1098481
3994601
3316073
3166258
4704547
3193046
2871404
2676148
2102781
4170743
3609577
1878092
2091081
90643
6013543
3130024
768998
4448865
3764388
5337799
224271
2880582
1641538
742727
170162
800622
4048578
3842116
2375341
2595573
3290347
442186
5698953
3041582
2854455
5083614
4210549
4344448
5231805
2909896
4133487
3477537
4135304
3938643
2068283
5172120
2500125
3195622
799613
2792655
797818
1586034
4820793
1634918
2060042
2920257
3486592
3627854
880989
2620032
4645840
2364357
1355080
2886597
809032
1856305
6272241
3532418
4482040
2854713
1970559
3373771
4040922
5049304
4375462
4779441
2746539
1913449
3081179
2566035
1034317
1169143
2106233
2010575
6504499
4170497
1338901
4831169
2967748
3928767
3083845
3955175
3353520
2918010
4014693
3912748
1769650
3433810
4411464
2995270
509896
4492240
5166118
2553562
4949989
3066199
6012279
3520646
4690891
611777
4226691
3212119
4811859
4509526
2108870
4733058
1711773
647750
3994109
2468164
5261503
3423956
1687183
4538636
1845149
643674
3176763
8757
500996
2795262
4878609
2155995
4221791
94859
1227993
1414119
1060879
4619148
547715
358639
3038072
1788791
3922260
3862250
4495266
5192019
4592525
5636479
801282
2553199
336623
4023920
158518
5959988
2482690
2953168
489289
769981
1880081
62052
3236731
2688464
700901
4522677
2576521
1958290
1280875
2719078
3575768
3054240
2915259
2574261
630641
4946737
2972452
5338939
4898081
2352191
846212
3411948
3396086
4292817
1856305
1620691
1971769
4166186
4618555
2066687
830205
1537823
2658467
1527657
2187974
2060866
3676396
2760523
5406565
486173
2114151
2968730
4401196
4260381
3658358
2227947
3701074
3038384
87917
2097047
5559520
2900405
1104482
5628393
4931285
5032779
4067864
6049221
4070067
2306991
3680343
2724641
5018557
432173
6784805
3679779
3086117
3265540
3703883
4697432
4375223
846810
3772780
4654818
3346278
1155833
3730971
1641705
3587387
5111936
3842318
2277724
2371223
5554029
3760229
1100043
1991775
4816225
3800355
778607
4045006
1834400
1320982
3140687
4419441
139640
1891704
3799541
1894800
6554413
1303337
2475705
3860685
3489538
3371315
1352669
3844882
24414
984001
4629846
2245905
735431
1071817
1087875
5093885
4769686
1711840
3171411
350555
4588685
1256818
6147866
5485314
4464421
4357748
3414835
4278697
2437058
1691661
2955073
1473034
968023
1464715
276412
204765
2906166
3623984
5043512
2865277
2455351
3950827
3319715
3537694
614645
4222880
4374546
2735561
4292086
217769
1674776
488378
4237801
2212666
1857239
3339404
1703081
721652
4160450
3646237
78525
3656218
3569331
3875574
4239784
5670572
4676278
1201381
2240573
1793904
5592665
4107001
358639
2937340
1914274
3357772
2405231
2752133
2679520
3011965
4009818
1403814
2541899
1998936
3832033
465434
3244529
3797531
62691
3272968
91009
4828792
2359905
5200107
5339862
743017
1086434
4489443
4125010
5955920
377669
358639
1856305
3921273
427260
2877612
1104128
1823467
316249
3835982
3303324
3521573
4518232
4146859
221697
1206983
434962
2015922
2187519
3603888
1816491
3848391
4306118
3269143
1709731
4480703
69768
2066710
4980117
3150288
3321045
520044
1549523
3514650
4585701
2586770
2369278
2086125
1448659
826288
1406052
3826454
3599459
3064106
100953
3425159
2610963
2243350
5075157
2919064
1047017
1018666
1600490
3298525
235614
3437799
163437
4942130
4170862
3760744
1567639
4395938
4558288
3176409
844769
3878112
2462565
1195201
3611953
1468512
3948642
3703091
3240516
2358093
4823764
3384235
1745393
2277160
871393
3833485
1865603
2734801
4380625
3725659
945688
2532807
153479
4864195
1254822
2910438
620333
2663582
4149438
4602391
773237
3994071
5451979
4509587
2577634
2501849
3197950
3979490
4771240
2754056
4137321
4377273
1197859
1553787
1011955
2728911
3315956
1834768
2319055
1201052
2012072
1504437
3584718
1597947
1481715
800825
1918532
1726986
5314156
2317287
3480778
5054678
4302346
3381386
3962681
4666950
4849897
4232919
1105115
488115
3698342
2341627
2492914
3432676
1941939
2414630
2280225
2966582
1628189
3982729
3621206
3452240
5075823
5007206
2278047
1645703
3338611
934678
2106194
280930
976933
4056216
2131079
3912141
2681129
4530373
3310659
3436464
3135135
2152277
2458506
358639
4788614
1263667
3197874
4113051
4311377
5660968
800825
4542617
810745
3783202
4167811
3798485
4072233
2853533
2998988
3267477
3065860
602684
1418130
4431320
3675617
5108009
2292799
4733844
4404353
3275568
2323141
2855198
4945391
2959577
4663432
3000591
4063962
3845901
3681424
3518822
6181004
4491279
3381672
1457389
3415640
2843164
1114731
197458
4445619
1406330
3042111
3684947
1726517
2199292
3655172
2863950
1751121
3435599
2131560
1503797
3510372
2419385
662718
358639
6382247
1515439
2755871
3832923
1505519
4479983
2563248
2215327
1502477
5337393
2119995
4400602
5702964
1320206
1906698
5591937
1672754
4027968
1489724
3642799
4223711
1232297
351223
2113147
4403916
2636638
7157876
3354668
435469
3210525
3438257
2797279
5437435
3174287
1226298
5428979
4045543
1838861
3427506
4490600
828015
4875141
2895187
3823880
1395063
3711470
4508376
1934525
3285764
3989606
2830929
3901775
2994980
3449654
3979701
2877414
2922062
1619432
3186798
890596
2422841
4838760
2418045
126890
1714807
3989729
1891024
4599188
2164695
1213828
3611999
741288
4457659
1714301
1921585
1170564
1030291
775788
2840772
375521
4840647
2801321
1764229
1079110
4069019
2852519
5265316
4125346
4065009
4697985
5161112
3165799
4015076
4731957
3021245
3804271
1663752
5091594
4278830
2912815
3126405
2992407
6293547
4353983
4145089
263879
3570123
3495375
2370906
3959580
1454586
2046533
5402296
1802451
3233656
847187
3350620
5099243
1669330
2526529
3867090
1518997
4604153
4230528
3530706
4260687
5175305
5555364
4154119
4011115
3452030
463579
2423301
3661585
5949071
3083650
359259
237292
1511968
213324
1040878
3546283
4092092
2762753
3251828
419096
3595209
5167179
87246
536955
131387
3375953
1275426
3501892
2125684
4619511
1898286
484456
3773964
3353466
2494674
2359114
2942280
1431804
2755855
3337708
1501592
2376848
2179677
4147782
2990366
4130726
2100084
4578377
2266641
4312812
2142248
4693612
4406721
3166083
483718
3283251
4116161
4007146
3389929
2500080
4040762
2574541
1139727
6175979
3207096
3121392
4419025
3210941
2695500
2522982
2004233
2297494
2626014
4984403
1734523
3582288
3402536
943070
2268234
5318935
5589874
3698652
3498006
1058853
2719105
3380708
1959532
2950556
2382367
3661649
3190540
2693343
336795
3007461
3982958
4766150
1663424
4279951
3958695
1425200
2616852
193125
2413710
577693
3108238
4265351
3858259
1973528
4393346
4951542
3931011
4609739
5124500
4084664
4391869
4306620
158908
4531227
2987842
2072034
3998461
4105466
3575637
2196787
2156940
2072215
4582517
2982974
3579002
2851520
4960377
3127068
3064406
2257199
3739454
1731178
2247144
4261180
1617672
3830392
3316237
3666486
3682497
2044054
1499514
3791377
3361616
4888409
2271400
3213783
5729824
3560973
3857925
2589462
1495638
4118677
2214607
2916668
4751086
4051768
4545291
4827190
1876352
1125921
4391068
230142
1963865
3471094
4631185
3907917
3883596
1169766
1458088
221851
5474551
300494
5246449
210312
4427292
1970706
1878164
3463148
2437452
2479629
366598
4740567
4036756
4452658
746486
1694294
3409970
4434236
3709126
654874
2282453
732715
2055564
528037
5861092
4067366
2740163
4386533
3407163
1678901
3522952
2738298
5861801
1301258
4845573
3080478
1960478
4164520
1546839
898988
2046391
1242228
3609908
5204376
2607269
3500502
1058548
2789670
4625646
1944081
1293532
1396168
3511918
1541104
1198276
5234222
1595359
358639
5118084
3841066
1169296
5417416
3340516
2674466
1148128
5051821
6212191
3888607
3943140
722328
2954973
2019124
6579567
3863078
3081272
4455732
3001951
5559194
4666027
3535989
4167800
4049387
215695
2418727
1929147
3319112
4284182
4002480
4865465
644662
3078347
2731838
5301643
2067501
4735600
4675622
4604689
1929393
470297
4286315
2216632
1795668
4189459
4515383
5926579
2829935
4296280
3358635
3346362
897495
1677480
1679179
4758395
109710
3448731
5601753
627007
4985993
2525228
2637729
5919125
3734476
161405
1140269
3042117
2534871
2933716
1160939
2876934
2306694
1319636
3757494
2869815
3563913
694493
5467556
1422094
3761069
1025621
3942311
5367204
4278444
3830393
1768466
3083225
3080437
2579797
2589127
3885194
4957212
2823886
3249908
358639
2588301
2130071
1037131
3364425
3609393
4358199
363842
2462927
2787732
5282236
4133195
4804493
2265832
3810313
5204296
16269
4355377
2732740
5095296
2049563
3000820
856017
3714582
2450827
1891026
3340947
3055401
2113424
3342993
2937004
4700961
1464179
990311
4274867
344482
3373488
3772129
3875415
5001203
4604009
6119915
4328624
3784483
1620073
2058550
2590210
1284221
1959340
2490411
4178658
4094269
1152895
3765556
2747138
3613955
3687139
3122248
3301205
3200103
3232983
2822358
5099268
69768
2568511
2505217
3910038
3675098
5445046
468937
2295976
2812670
2108723
2049997
264591
109155
2782351
3559874
2718513
3476343
5607348
2022835
205220
4715505
2805354
2174193
4999322
1072873
3951684
1512871
2199970
929920
2365249
2627931
1851751
2907816
1612909
2313898
3480336
2475597
4187346
4249914
5204761
3302281
797881
4820466
1886643
4798793
1244372
5240115
3348611
1255752
2023474
5551015
2225492
4938581
491867
2692123
3546340
5059475
3330808
2542061
2669657
3075896
3640644
4121810
1760807
3421853
1987263
3380215
2790105
3787871
2975898
3507621
1058976
2296872
3231224
3217484
2093978
4735564
1306507
4352030
5054509
4116943
4351407
2986318
3892390
3377702
4321680
4287544
5399139
2492312
4219185
1328331
2067095
358280
3096753
903257
3995055
348683
2850781
333656
4426940
2964353
3059843
4222494
4535589
4531156
1977309
3732504
1171057
3939270
3464913
2175589
2343876
690491
4238947
1839155
2385372
2099751
5443719
3849236
2889733
874986
2562626
3169929
112887
2229867
3340572
358639
3812146
2791062
3242076
4963118
4166882
2620119
4179701
201232
2976001
2168705
4489222
2326282
849367
891044
3403260
332115
2630964
2117204
4830009
2988730
2865009
3990495
3302812
825100
1773674
3045781
3702489
4126568
15368
3004210
2004186
2446936
5473464
4505106
4429832
766510
2709890
3037175
3018715
4341608
1997443
2295973
3172027
3769001
1694846
2854036
4361803
2648055
1569688
1450758
123109
4934007
3439840
3174314
3637912
2992546
2239365
3642059
608662
2770372
2164525
2837197
4393628
2929047
3001071
3166543
1794427
3728552
3258149
4207224
3053033
1563109
1413640
297642
3794660
1626626
5249709
3997288
1005023
2129105
2639193
3448416
4402878
5198208
3289249
754965
4572611
782892
76305
4323898
5347357
726354
2614077
2088717
788177
307361
4879912
2391084
4486290
4326938
1701343
5437546
4532102
2510270
3392957
3708864
3602752
358639
3092415
4781176
5604655
5285059
3336456
2659837
5712979
358639
3279277
1538653
766963
1863294
3069789
2612640
4450761
2996421
3278731
2802887
4715817
4413661
1297186
4616522
3616827
3916560
4493498
1741687
4613813
252169
1614016
2596764
3184055
23868
1697969
4192514
2306134
4159661
3820485
4113059
3001768
3728635
454393
2432053
2060665
3500232
5011658
4974828
3035285
4000415
2442990
1254408
201555
4135573
3675671
3784927
4642345
4507652
5493965
2299528
4685604
522529
3206971
4361079
2172127
1372970
3749798
3071527
2662042
887286
3795420
2837581
3431575
1129821
3219666
5571439
3458312
3793816
2601207
4764951
6909190
3373194
649956
3478621
5259749
4127103
3080283
6425726
2503066
2948474
3671307
3328615
2997723
1634878
2117858
2779848
646583
4360469
3311237
4335926
3012122
3262824
1443131
3799790
2320565
1104173
1709011
3570965
5112609
3466171
800825
2079451
2037029
3767501
4406697
2247804
3239449
3663145
1449182
3833123
2371877
4081390
1513018
3701464
4990444
983537
2348445
4479837
2196858
2644120
2580193
297642
4454175
2943450
3318134
3436059
693091
1465657
6496222
3162264
4412322
3433370
567314
1468774
3916127
3553773
3129203
6148175
2151494
5474145
3020248
408896
4473357
2348772
5302570
4121151
1890393
4465307
2420731
1517177
2710299
2672133
2108653
884676
5336725
3928352
1983237
1148100
3090914
2020957
3460138
5153807
5108178
3591516
1396780
2140024
5083386
5451370
2799347
5112356
3941450
5561064
876323
3233279
524510
4718868
2183271
3554137
2459971
4896707
3468203
1804283
1748476
6032281
4203031
2419690
3874095
4925097
3251922
486691
1305452
5701356
4088800
1470567
3415327
1976406
2849215
5317819
5263119
877762
4528440
5504662
4496937
1035173
1378767
630190
3326136
4622082
2377689
2058757
4395820
2426081
3550441
3592014
3365045
4144195
2161773
4821872
3684000
2370039
172702
3638702
3298232
3750953
3128302
3642213
5186796
2854808
2971015
827449
3134778
2409232
4313097
5077270
4340402
3016098
740988
4303345
3215863
5221712
5047439
3415711
4323005
2827848
3564885
6566193
4563634
1281184
2961441
2069748
2869793
3516010
4351643
2928539
3663050
3747718
1297458
4585688
3596942
4536953
3862623
3664665
1225475
3959307
4122538
4751351
4244326
1335715
428077
1457333
810427
1331499
4687850
2339440
4567408
2740102
4269833
4480951
5057384
3344946
1295252
2090281
5358337
3806161
1614590
4455084
448120
3304030
1121742
1230455
3068141
524927
4870823
2519536
1475107
1378984
3660595
2484885
1950959
211219
940861
2670348
2937973
4353044
2785710
4316461
3655479
4244586
1571000
4627729
4738052
1703347
441604
1746683
5032070
4708985
5858020
141226
3658085
3661924
3845429
2434201
4896950
3692811
2451532
1200048
4713022
4147261
5098968
3901279
2943624
830217
4191833
1358142
4947095
4575374
3417167
2400055
3163313
3270592
4776602
1810651
1441667
3278947
2050635
4027560
4432571
1231892
3284018
8757
1754037
1338991
1431212
2906368
2928195
6012112
2015872
3048561
5619594
1649165
2629245
1378437
1372360
3346715
564147
3826504
2582675
2198877
11403
2689735
3465799
2447067
3978058
2812132
3320242
2159679
2173810
3648886
1512939
363908
1188586
