100 10 10000
6 91
69 92
92 93
85 94
91 95
60 96
14 97
10 98
39 99
13 100
2 21 48
2 12 21
2 9 55
1 88
1 33
2 1 7
2 33 54
1 71
1 14
1 86
2 76 64
2 64 7
2 50 31
2 11 73
1 88
1 72
1 98
2 40 94
1 39
1 39
2 92 20
1 54
1 43
2 10 99
2 68 66
2 24 38
1 31
1 18
1 70
1 88
1 57
2 61 35
2 86 86
2 70 81
2 89 20
2 48 92
2 76 56
2 61 90
2 44 1
2 28 16
1 18
1 51
2 44 61
2 48 41
2 43 10
2 27 69
1 97
2 11 29
2 90 59
2 77 29
2 22 20
1 65
1 45
2 91 40
1 38
1 67
1 51
1 23
2 74 46
1 32
2 82 5
1 88
1 2
1 13
1 33
2 79 63
2 59 96
1 10
1 72
2 24 12
2 11 50
2 33 18
2 58 96
2 72 89
2 99 56
1 75
2 74 42
1 10
2 89 47
2 34 34
1 46
2 23 32
1 12
1 53
1 52
2 72 15
1 85
1 24
1 8
2 15 27
1 73
2 36 18
1 48
1 70
1 37
2 51 55
2 100 13
2 98 10
2 92 24
2 56 8
2 90 19
1 46
2 27 47
2 81 38
2 46 31
2 38 95
2 30 97
2 98 56
1 86
1 21
1 87
2 21 55
2 30 22
1 75
1 19
1 68
1 13
2 7 20
1 87
1 47
1 45
2 2 8
1 45
2 36 67
2 90 41
2 40 8
1 32
1 52
2 85 46
1 76
2 45 5
2 79 1
1 1
2 100 78
2 50 90
2 92 28
1 99
2 24 63
2 85 51
1 92
1 96
2 48 96
2 41 34
1 83
2 31 13
1 52
2 76 75
1 73
2 8 25
1 56
2 9 89
2 6 35
2 58 70
2 85 45
1 70
1 81
2 98 70
1 100
2 42 6
2 62 21
1 67
1 46
1 66
2 9 3
2 80 13
2 77 23
2 66 68
2 81 30
2 83 36
1 56
2 44 95
1 3
2 38 86
1 99
1 69
1 56
2 79 79
2 16 9
2 28 93
1 34
1 61
1 8
1 69
2 63 69
2 14 73
1 98
1 87
2 41 58
1 56
2 35 82
2 29 69
1 84
1 7
2 100 73
1 40
2 76 3
2 57 95
2 85 47
1 100
2 81 41
1 33
2 45 12
2 56 75
2 88 47
2 45 33
1 87
2 44 31
1 53
1 94
1 33
1 30
1 56
2 5 43
1 50
1 89
2 43 40
1 21
2 31 32
1 40
1 33
2 21 43
2 25 32
1 43
2 94 42
1 83
2 90 59
1 12
1 67
1 42
1 84
2 79 83
2 23 46
2 11 11
2 71 43
2 12 3
2 80 27
2 41 92
1 48
2 76 53
2 20 63
1 14
1 56
1 56
1 77
2 30 6
1 11
2 47 78
2 6 46
1 40
1 40
1 44
1 37
2 7 12
2 10 36
1 26
2 79 61
2 43 74
1 78
2 75 87
1 6
2 68 49
1 36
2 20 59
2 11 97
1 45
2 92 84
2 12 4
2 59 25
2 82 84
2 70 71
1 48
2 56 35
2 14 23
2 83 65
2 53 73
1 75
2 38 26
1 60
1 39
1 99
2 42 75
1 59
1 66
1 81
1 30
1 76
2 82 56
2 39 59
1 48
1 93
1 60
1 34
1 90
2 76 82
2 96 64
2 37 15
2 9 41
1 24
1 14
2 19 43
1 5
2 95 52
2 19 79
1 21
1 73
2 40 68
2 42 12
2 88 21
1 33
2 46 49
1 10
2 93 83
2 94 22
1 18
1 4
2 58 37
1 6
2 37 29
2 99 18
2 93 96
1 20
2 75 58
2 83 77
2 78 52
2 93 34
1 44
1 72
1 3
2 34 51
1 44
2 55 17
2 66 92
2 99 17
2 70 96
2 72 12
1 94
2 6 73
1 67
1 99
1 71
2 75 2
2 11 11
2 62 73
1 59
1 93
1 16
2 61 47
1 18
2 3 40
2 100 23
1 91
1 40
2 38 15
2 22 92
2 63 94
2 60 61
1 49
1 29
1 99
1 65
1 20
2 55 19
2 30 73
1 7
2 98 72
1 65
1 74
2 27 88
1 8
1 66
2 21 58
2 5 12
2 9 90
1 3
1 77
1 41
1 94
1 60
1 75
2 1 52
1 49
2 86 50
2 8 88
2 3 92
2 49 23
1 92
2 82 82
2 99 73
2 66 19
1 13
1 41
2 94 73
2 13 47
1 86
1 67
1 37
2 83 59
2 92 11
2 18 77
2 87 6
1 12
2 12 69
2 8 22
1 76
1 36
1 57
1 82
1 61
2 84 74
2 53 84
2 40 71
2 97 30
1 68
1 1
2 89 50
1 91
2 88 59
2 5 100
1 29
2 96 20
2 50 33
1 59
1 41
1 43
2 93 39
2 56 45
1 86
2 77 45
2 32 97
2 48 100
1 40
1 30
1 28
2 32 34
1 52
2 43 58
1 11
2 71 76
1 2
1 48
1 92
1 7
2 80 100
2 37 44
1 30
2 36 57
1 87
2 57 89
2 46 48
2 57 21
2 26 36
2 53 67
1 86
1 81
1 58
1 79
2 26 92
1 34
2 67 57
2 72 72
1 100
2 8 39
2 58 76
2 17 77
1 77
1 33
2 66 52
1 71
1 10
2 85 41
1 15
2 13 90
1 67
1 17
2 3 93
2 49 96
1 73
1 47
1 49
1 75
1 40
2 11 5
2 88 3
2 67 68
1 33
2 85 41
2 39 34
1 37
2 66 90
1 82
1 86
1 16
2 66 14
2 13 99
2 14 30
2 77 9
2 38 37
1 1
1 43
1 22
1 7
2 6 49
1 95
2 7 98
2 56 34
1 60
1 21
1 93
1 88
1 38
1 56
2 18 78
2 3 36
2 84 89
2 31 33
2 8 50
1 59
2 51 97
2 78 79
1 71
1 74
2 33 57
1 16
1 52
1 5
1 30
1 56
1 56
1 70
1 31
2 52 4
2 65 99
2 87 16
2 63 80
1 70
2 32 31
1 34
1 83
2 96 45
2 12 4
2 57 44
2 58 98
1 33
2 72 39
1 73
2 54 31
1 16
2 46 80
1 37
2 74 79
1 91
1 36
2 70 15
2 89 97
2 61 91
1 45
1 13
2 9 42
2 6 93
2 39 45
1 25
2 54 15
1 48
2 52 25
2 2 41
1 93
2 77 29
2 46 74
2 37 1
1 53
1 57
2 18 38
2 46 18
2 7 10
1 20
2 23 55
2 95 8
2 38 81
2 99 80
1 67
1 87
1 48
2 77 39
2 77 87
1 45
1 27
1 32
2 50 50
1 13
1 60
1 27
1 94
1 77
2 35 67
2 82 1
1 31
1 65
2 5 94
1 94
2 55 88
1 4
2 32 22
1 12
1 85
2 44 29
1 18
1 59
2 43 58
2 44 37
2 49 94
2 89 49
2 75 34
1 76
1 83
2 45 75
2 71 80
1 91
2 49 23
1 62
1 72
2 67 33
2 69 53
1 22
2 49 4
1 10
1 3
2 30 61
1 14
1 13
1 88
1 8
1 5
1 49
2 75 64
1 99
2 7 11
1 5
1 81
2 56 58
1 70
1 40
1 98
1 23
2 31 5
1 92
1 41
2 59 27
1 61
2 96 17
1 60
1 24
2 23 27
2 14 20
2 67 66
1 45
2 87 46
1 22
2 88 75
2 30 41
2 50 17
1 99
2 59 23
2 74 19
2 39 16
1 4
2 80 68
1 60
2 58 44
1 43
1 64
2 41 32
1 58
2 47 93
1 75
1 9
2 68 10
2 45 12
1 98
1 73
1 60
2 49 73
1 93
1 5
1 49
1 22
2 41 38
1 72
1 98
2 4 64
1 27
2 64 17
1 1
1 79
1 99
2 7 8
2 65 73
2 66 51
1 83
2 32 85
1 50
2 38 67
2 82 26
1 91
2 50 27
1 83
2 67 42
1 9
1 60
1 6
2 37 23
2 58 88
1 84
2 83 65
2 9 68
1 59
1 7
1 66
2 72 11
1 74
2 84 76
1 23
1 81
1 40
1 11
2 66 16
2 20 37
1 26
2 61 6
1 61
2 29 81
2 77 98
2 38 14
1 13
1 59
1 66
1 57
2 20 9
2 76 87
1 32
2 45 46
2 53 85
1 98
1 30
1 20
1 50
1 57
1 11
1 7
2 98 1
1 63
1 7
1 36
1 84
2 33 82
2 58 9
1 72
2 70 10
1 81
2 86 64
1 30
2 3 58
2 83 75
2 70 84
2 11 61
1 45
2 86 7
1 14
2 19 96
1 29
2 30 52
1 53
1 52
1 14
2 94 28
1 71
2 97 29
2 79 34
2 19 41
1 20
1 100
1 52
2 28 34
2 35 70
2 90 46
1 34
2 71 5
1 92
1 83
2 15 70
2 31 29
2 20 71
1 68
2 92 36
1 1
2 41 47
2 78 100
1 42
2 17 64
1 18
1 27
1 59
1 40
2 92 76
1 12
2 12 10
2 44 67
2 74 84
1 16
1 26
1 72
1 2
1 63
1 80
1 10
2 72 98
1 35
1 98
1 78
1 49
1 4
2 22 15
2 31 61
2 43 41
2 85 39
1 43
2 55 62
2 50 29
2 25 89
1 36
2 76 84
1 56
1 27
2 100 15
2 6 23
1 67
1 34
2 24 99
1 20
1 2
2 27 13
2 11 20
1 20
2 52 39
1 34
1 50
1 10
1 70
2 2 77
2 45 79
2 57 63
1 37
1 79
2 2 16
1 52
2 59 83
2 51 34
1 11
1 24
2 37 78
1 80
1 55
1 37
1 33
1 82
2 51 39
2 17 94
2 46 94
2 47 45
2 77 7
2 63 50
2 74 12
2 64 83
1 46
1 43
2 100 27
1 42
2 99 97
2 15 95
2 72 37
2 16 13
1 95
1 21
1 28
2 62 67
2 85 97
1 97
2 37 76
2 75 39
2 73 38
1 30
1 42
2 84 49
1 9
1 90
1 67
2 19 20
2 74 50
2 65 45
2 45 93
1 19
1 8
2 9 12
1 15
2 14 75
1 49
1 40
2 83 22
2 44 71
2 87 82
2 17 55
1 2
1 88
2 57 38
1 6
2 3 6
1 32
1 100
2 4 25
2 34 6
1 71
1 26
2 94 53
2 82 30
2 69 6
1 86
2 51 32
1 7
1 42
1 36
1 22
2 95 56
1 67
1 24
1 25
1 18
2 58 88
2 70 66
2 47 99
2 77 82
1 3
2 29 64
1 70
2 68 59
1 78
1 7
1 81
1 17
1 57
2 80 29
1 16
1 75
2 84 35
2 89 26
2 65 2
2 38 12
2 35 79
2 18 66
2 44 74
2 75 93
1 26
1 6
2 33 30
2 58 6
1 90
2 67 87
1 96
1 29
2 47 6
2 2 98
1 80
2 73 59
1 7
2 86 41
1 72
2 74 74
2 5 88
1 63
2 54 71
1 19
2 68 42
1 9
2 97 40
2 48 34
1 92
2 56 32
1 8
2 86 10
2 28 97
2 9 31
1 29
2 22 86
1 52
1 84
1 62
2 15 60
1 8
1 24
2 13 20
1 78
2 79 22
1 19
2 86 45
2 2 87
2 81 33
1 60
2 20 61
2 83 83
2 9 10
2 62 57
2 46 95
2 70 83
2 12 8
2 46 19
1 99
2 1 5
1 54
2 63 86
1 90
1 10
1 49
2 29 54
1 16
2 95 20
2 54 47
1 54
1 95
2 99 100
2 58 47
1 54
1 80
2 87 98
2 22 17
2 21 2
2 83 70
2 62 37
1 62
1 91
2 95 93
1 19
1 43
2 77 12
1 78
2 71 79
2 20 35
2 7 77
2 78 93
2 16 19
1 4
2 43 4
1 80
2 80 66
1 48
1 90
1 4
1 81
2 47 90
2 38 79
2 38 72
2 81 78
2 75 4
2 32 78
2 100 19
1 4
2 73 76
1 29
1 50
1 41
2 17 27
2 32 35
1 8
2 47 55
1 52
1 92
1 48
2 21 56
2 90 81
2 92 46
1 49
2 51 59
1 63
2 17 2
1 97
1 67
2 93 21
1 27
1 60
2 41 65
1 38
2 34 41
2 80 95
1 4
2 35 21
1 27
2 3 66
1 13
1 62
2 24 19
2 75 5
2 2 44
2 34 61
2 64 55
1 69
1 98
1 62
2 8 8
1 26
2 99 10
1 31
1 64
2 75 6
1 94
1 81
1 71
2 43 71
1 55
1 26
1 70
1 11
2 2 67
2 69 3
2 81 71
2 81 21
1 74
2 97 25
2 35 48
1 5
2 52 39
2 63 46
2 74 90
1 72
2 59 78
2 36 13
1 67
2 55 57
2 97 3
1 27
1 19
2 36 61
2 50 56
1 44
1 10
2 2 87
2 3 26
1 59
2 11 29
1 77
1 63
1 98
2 31 86
1 26
2 35 13
2 64 26
1 18
1 63
2 23 67
1 16
1 17
1 50
1 11
2 15 99
1 49
1 15
2 58 58
1 73
1 94
2 99 72
1 13
2 19 92
2 59 17
2 2 84
1 33
1 64
1 78
2 98 59
1 77
1 37
1 1
1 80
2 38 36
1 86
2 38 91
2 20 58
1 60
1 69
2 32 35
2 14 35
2 30 17
1 55
1 34
1 75
2 25 70
1 35
1 95
2 77 71
2 86 78
1 78
2 88 53
1 22
1 96
1 89
2 40 24
2 73 29
2 59 35
2 83 72
1 54
2 77 25
2 24 79
1 33
2 100 72
2 45 21
1 29
2 97 90
1 24
2 18 57
2 97 85
2 43 1
2 2 35
2 18 9
2 84 79
2 5 43
2 78 37
1 88
2 17 47
1 66
2 21 81
1 33
2 31 82
1 99
1 5
1 5
1 75
1 52
1 89
1 57
1 81
2 64 30
2 29 50
1 78
1 11
1 40
2 36 31
2 59 67
2 1 57
2 54 39
1 38
2 20 22
1 2
2 51 60
2 24 82
2 46 77
1 34
1 55
2 96 59
2 19 49
2 18 55
1 71
2 28 8
1 55
1 53
2 61 67
2 54 27
1 53
1 1
1 12
2 79 95
1 83
2 58 70
2 48 26
2 25 80
1 68
2 19 51
2 2 47
2 99 3
2 25 34
2 32 43
2 98 76
2 22 94
2 7 76
2 73 72
2 81 72
1 97
1 83
1 95
2 8 36
2 100 12
1 93
2 18 51
1 97
1 9
1 49
1 89
1 72
1 57
2 85 52
1 71
1 45
2 93 50
2 60 40
1 72
1 3
1 81
1 28
1 49
1 22
2 53 27
2 46 70
1 27
1 38
1 91
1 56
2 1 55
2 22 87
1 51
1 27
1 76
2 25 93
1 81
1 19
1 21
1 58
1 13
1 87
1 93
2 85 86
2 30 17
1 24
2 1 97
2 30 12
1 47
2 16 18
2 37 38
2 35 6
1 15
1 54
1 21
2 89 30
2 79 23
2 94 56
2 56 37
2 63 70
1 34
1 27
1 6
2 35 12
2 98 41
1 34
1 70
1 1
1 92
1 28
2 68 3
1 86
2 89 29
1 29
1 69
2 95 32
2 84 85
1 72
1 41
1 94
2 56 81
1 8
1 50
1 38
2 33 63
2 82 64
1 73
2 77 89
2 36 61
1 79
1 57
1 34
2 89 16
2 57 86
1 87
1 83
1 73
1 24
1 97
2 20 39
2 58 54
1 91
2 13 96
2 8 11
2 47 25
1 50
1 53
1 24
1 44
1 17
1 36
1 57
1 14
1 37
2 61 11
2 97 65
1 20
2 92 95
2 46 21
1 60
2 77 40
1 62
1 1
1 49
1 6
1 20
2 58 10
2 60 86
2 37 84
2 36 37
1 59
1 12
1 91
1 28
1 68
2 95 79
2 44 39
1 35
1 87
1 16
2 96 62
1 20
2 75 32
2 72 2
2 19 90
2 60 65
2 50 37
2 26 2
1 2
1 59
2 78 80
2 83 90
2 2 24
2 78 24
1 31
2 68 71
2 34 97
1 89
2 80 60
1 29
1 71
2 5 32
2 48 46
2 32 85
2 90 60
1 95
2 1 5
2 92 29
2 93 30
1 11
1 75
1 51
2 27 21
1 40
2 65 15
2 14 3
1 36
2 43 18
1 45
1 58
1 38
1 14
1 26
2 11 91
1 58
1 23
2 9 81
1 66
1 54
1 2
1 40
2 88 39
2 85 26
1 9
2 72 96
1 75
2 65 18
2 71 67
1 23
1 62
2 13 23
2 11 76
2 15 15
1 40
1 29
1 47
2 62 39
2 99 88
2 63 59
1 91
2 6 57
2 82 70
2 29 22
2 9 43
2 86 68
1 65
1 64
1 94
2 76 47
2 12 68
1 23
1 92
1 87
2 76 99
1 39
1 33
2 31 64
2 41 1
1 93
2 44 53
1 45
2 68 21
1 58
2 1 89
1 81
2 89 37
1 37
1 21
1 77
1 37
2 25 93
2 19 42
1 79
2 75 89
2 44 75
1 26
2 73 6
2 60 32
1 11
1 85
1 60
1 87
2 51 60
2 57 47
2 10 78
1 41
1 53
2 73 98
1 97
2 69 74
1 95
1 8
2 14 25
1 47
1 17
1 85
2 43 20
1 56
1 9
1 33
2 91 45
1 71
2 89 33
1 89
1 45
1 66
1 14
1 79
1 17
2 7 36
1 86
2 29 74
1 20
1 12
1 21
1 81
2 72 8
2 20 84
1 48
2 22 76
1 10
2 94 73
1 25
2 2 63
2 3 79
2 66 65
2 39 7
2 2 35
1 87
2 34 60
2 59 72
2 30 4
1 64
2 64 85
2 26 15
1 88
1 2
1 22
1 96
2 70 23
2 95 26
1 55
1 28
2 74 95
2 99 25
2 72 19
2 1 51
1 64
1 24
1 40
2 97 77
2 74 81
2 44 78
1 32
1 78
2 14 23
1 22
2 91 83
1 17
1 5
2 99 41
2 7 22
2 42 99
2 73 69
2 41 21
1 62
1 68
2 22 68
1 22
2 95 18
2 93 25
2 75 28
2 36 57
1 74
2 72 10
1 50
2 39 29
1 88
2 24 19
1 19
1 71
2 60 14
1 89
1 25
1 91
2 23 35
1 54
2 41 78
1 64
2 29 46
1 22
1 87
1 22
1 89
1 65
2 3 74
2 28 50
1 2
2 17 47
2 2 84
1 45
2 75 42
1 17
2 74 79
2 97 60
1 70
1 95
1 16
1 72
1 13
2 88 1
1 60
1 58
2 97 34
2 34 75
2 17 14
1 98
2 31 75
1 40
1 83
2 59 18
1 70
1 14
2 3 44
1 31
1 60
2 32 62
2 37 92
1 79
2 54 18
1 8
1 65
1 12
1 12
1 14
1 56
2 35 19
1 44
1 99
1 3
1 2
1 6
1 27
1 63
2 66 17
1 66
1 9
1 35
2 90 80
2 13 5
1 82
1 42
1 66
2 2 51
1 48
1 93
2 97 40
2 82 3
2 82 16
2 4 39
1 90
1 39
1 87
1 18
2 89 98
1 17
2 82 51
2 84 28
1 27
2 40 14
1 87
1 86
1 15
1 73
1 29
1 46
1 90
1 92
1 40
2 6 39
2 60 82
2 99 43
2 91 38
2 70 37
1 33
1 67
1 82
1 70
2 100 10
1 10
1 75
2 13 6
2 5 11
1 52
2 8 55
2 72 63
2 30 55
2 62 6
2 59 36
1 49
2 32 90
1 35
1 6
2 26 10
1 59
1 29
1 27
2 68 42
1 90
2 80 63
2 31 21
2 34 79
2 32 18
2 60 41
2 68 12
2 14 34
1 72
1 23
1 98
1 85
1 67
2 46 25
1 71
1 28
2 38 80
1 79
2 75 42
2 77 31
2 23 80
2 67 44
1 77
1 72
1 5
1 78
2 62 16
1 12
2 47 49
1 4
2 36 53
2 33 96
1 83
2 30 22
2 73 62
1 77
1 72
1 54
2 53 1
2 83 83
1 11
1 73
1 91
1 73
1 18
2 35 13
2 97 66
1 30
1 25
1 48
2 44 23
1 28
1 11
2 71 54
2 1 76
2 84 15
2 94 71
2 10 65
2 47 43
2 83 3
2 84 34
2 50 83
2 42 1
2 41 12
1 12
2 71 4
1 31
2 28 89
1 88
2 94 90
1 35
1 99
2 31 46
1 98
1 33
1 15
2 73 75
2 19 86
2 66 85
2 21 2
2 83 16
2 98 79
2 25 63
1 93
2 65 21
2 71 1
2 21 93
1 80
1 50
1 6
1 15
2 29 17
2 41 29
1 94
1 80
1 46
2 18 87
2 25 42
2 96 35
2 17 35
1 70
2 42 8
2 39 90
2 5 21
2 65 13
2 56 65
2 97 28
1 56
1 48
1 24
2 50 45
2 75 62
1 51
1 43
2 94 98
1 72
1 32
2 87 84
2 34 97
1 26
1 33
1 98
2 18 38
1 18
2 34 89
2 6 64
2 86 55
1 11
2 84 33
1 64
1 70
1 77
1 82
2 100 56
1 34
2 1 9
1 76
1 21
1 16
1 65
1 46
1 23
1 44
2 73 66
1 55
1 11
1 40
1 11
1 91
1 75
2 59 61
1 73
2 18 95
2 73 27
1 87
2 33 33
2 46 70
2 93 62
2 44 98
2 31 19
2 4 13
1 62
2 91 81
1 43
2 93 97
1 10
1 33
2 56 43
1 42
1 18
2 98 45
1 56
2 23 9
2 97 39
1 21
1 81
2 67 19
1 31
1 32
2 66 15
1 70
2 43 67
1 94
2 35 21
1 78
1 61
1 83
2 10 59
2 26 95
2 28 32
1 13
1 7
2 32 58
2 72 81
1 21
2 58 32
2 18 19
1 92
1 81
2 7 39
1 6
1 83
2 73 30
2 59 56
1 52
2 62 65
2 50 27
1 48
2 24 95
1 84
2 40 87
2 46 35
1 1
2 2 16
1 20
2 82 9
1 59
2 90 2
1 80
1 71
2 22 22
2 29 1
2 64 58
2 84 20
2 14 97
1 85
1 47
2 50 66
2 80 62
2 58 42
1 66
1 12
1 44
1 63
2 60 9
1 55
1 89
2 64 72
1 38
2 33 69
1 25
1 94
1 32
1 51
1 95
2 55 78
2 100 97
2 40 38
1 95
2 51 4
1 10
2 90 7
2 59 84
2 20 38
1 6
2 36 27
2 85 84
1 51
2 49 60
1 89
1 51
2 93 38
2 19 20
2 75 51
1 55
2 53 75
1 46
2 71 54
1 40
1 9
2 62 55
1 86
2 40 26
1 60
1 6
1 31
2 58 47
2 71 83
2 38 5
1 15
2 63 78
2 51 77
2 20 92
1 87
2 55 33
2 15 40
2 67 19
2 78 70
2 27 77
1 31
1 58
1 15
2 94 80
1 31
2 47 28
1 95
2 65 67
1 6
2 85 24
1 5
2 92 81
2 65 18
2 42 61
2 58 94
1 18
1 60
1 41
1 98
1 35
1 70
2 35 97
2 88 8
2 4 98
1 78
1 8
2 2 28
2 21 23
1 26
1 38
1 75
2 75 66
2 40 7
1 6
1 37
1 75
1 94
1 48
2 34 21
2 94 38
2 43 68
1 58
2 96 92
2 86 52
2 75 62
1 85
1 93
2 80 36
2 80 85
2 5 8
2 89 41
1 55
2 19 55
1 75
1 15
1 19
1 49
2 49 92
2 36 19
2 35 74
2 43 61
2 67 52
1 51
2 7 43
1 3
2 7 89
2 2 27
1 39
2 12 65
1 32
1 80
2 36 49
2 62 39
1 78
1 100
1 79
1 42
2 94 62
1 75
2 67 19
1 83
2 96 100
2 18 45
2 19 24
2 47 83
1 7
1 83
2 16 62
1 80
1 6
2 55 68
1 17
2 16 3
2 99 71
2 49 24
1 65
2 99 91
1 45
2 41 88
1 85
2 40 35
2 2 72
1 14
1 74
2 13 2
2 100 53
2 75 81
1 68
1 74
2 94 91
2 63 8
2 80 95
2 87 75
1 79
2 86 71
2 100 72
1 85
1 63
2 15 67
2 47 30
1 42
1 29
1 76
1 69
2 6 82
2 86 78
1 76
2 78 6
2 51 5
1 6
1 54
1 42
2 100 38
2 55 55
2 61 16
2 1 71
2 56 87
2 91 73
1 78
1 78
1 18
1 75
2 94 88
1 86
1 21
2 95 13
1 11
1 38
2 40 47
1 57
1 98
2 49 75
2 71 73
2 70 75
2 16 66
1 82
2 70 38
1 82
1 27
2 44 70
2 97 15
1 74
1 78
2 74 17
2 17 61
1 57
1 81
2 66 69
1 38
1 89
2 76 13
1 27
2 14 83
1 32
1 7
2 54 48
1 28
1 75
1 37
1 71
1 79
1 3
1 6
1 37
2 79 90
1 20
2 78 87
1 70
1 58
2 6 8
2 49 79
1 74
1 29
1 58
1 66
1 29
2 40 77
1 35
1 72
1 40
1 16
1 38
1 61
1 49
2 95 96
1 28
1 49
1 39
2 84 7
2 60 16
1 80
2 31 55
2 52 28
2 67 13
1 38
2 94 36
2 25 73
1 90
1 13
2 41 91
2 93 34
2 18 48
1 31
2 15 31
2 52 95
1 35
2 50 39
1 9
2 86 3
2 48 21
1 45
2 23 6
1 96
1 67
1 8
2 49 43
2 20 52
1 83
2 24 44
2 77 84
1 34
1 78
2 72 37
2 80 5
2 80 73
1 75
2 54 1
1 90
2 93 100
1 45
1 21
2 72 41
1 12
2 16 53
1 98
1 20
1 51
2 49 63
2 82 76
2 28 12
1 93
1 57
2 46 40
1 40
2 74 56
2 74 22
1 92
2 13 54
2 46 40
1 4
2 71 91
2 41 89
2 38 82
1 24
1 54
1 79
2 75 8
1 36
2 61 37
2 60 53
2 65 85
2 28 86
1 50
1 13
1 66
1 92
1 24
1 20
1 21
2 85 68
1 24
1 57
2 3 17
1 13
2 96 6
1 10
2 74 15
2 30 85
1 2
2 8 23
2 91 45
2 80 18
2 37 9
2 100 82
2 51 59
1 51
2 70 68
1 45
1 15
1 34
1 5
1 64
1 17
2 47 56
2 97 76
2 26 91
2 15 69
1 25
2 5 51
2 78 50
1 81
2 95 75
2 68 19
1 51
1 4
2 61 39
2 42 39
1 36
2 78 89
2 87 76
1 72
1 42
1 97
2 92 3
1 13
2 75 23
1 12
2 45 91
1 89
2 90 66
2 18 57
1 81
1 72
2 94 37
2 52 64
2 64 42
2 49 5
2 8 30
1 54
2 73 86
1 1
1 8
2 42 15
1 98
2 8 16
2 67 78
1 33
2 87 19
2 64 20
2 84 24
1 58
1 15
2 32 66
1 20
2 81 56
1 57
2 57 57
2 62 62
2 7 77
2 7 51
2 65 43
2 68 91
1 19
2 42 46
2 58 19
2 19 30
2 78 98
1 66
1 70
2 3 58
2 66 50
1 46
1 46
2 8 56
2 73 44
2 84 64
1 28
1 65
1 6
2 50 63
1 35
2 51 31
2 70 29
2 90 50
1 21
2 2 11
1 100
1 97
1 42
1 88
1 94
1 63
1 80
2 70 77
1 65
1 7
2 68 23
2 70 68
1 94
1 32
2 55 22
1 11
2 63 64
1 65
2 96 76
1 19
2 22 72
2 10 1
2 83 48
2 57 23
1 49
1 89
1 11
2 34 52
2 82 47
1 37
2 5 22
2 31 95
2 7 34
2 99 96
2 2 7
1 76
1 85
1 41
1 95
2 4 29
1 36
1 71
1 36
1 60
2 5 43
2 84 37
1 51
2 12 6
1 3
2 81 98
1 38
1 9
2 55 15
2 21 95
1 80
2 74 88
1 84
2 36 2
1 91
1 1
1 14
1 18
1 12
1 53
1 46
2 98 1
2 19 36
2 28 92
1 68
2 26 18
2 93 26
1 59
1 43
2 37 99
1 31
2 84 8
2 47 81
2 17 82
1 43
1 90
1 43
2 37 33
2 90 67
2 5 85
1 14
2 62 26
1 11
2 36 11
1 33
1 33
2 14 49
1 14
1 60
1 95
2 67 57
2 53 77
1 55
2 29 25
2 53 27
2 62 71
1 31
2 21 80
2 42 2
1 29
1 67
2 34 80
2 95 98
2 6 3
2 31 88
2 84 55
2 80 92
2 26 73
2 80 98
2 26 95
1 22
2 92 42
2 36 71
1 61
1 63
1 39
1 4
1 81
1 51
1 5
2 15 89
1 59
2 57 61
2 89 37
2 34 79
1 25
1 43
2 45 27
1 99
1 77
2 66 32
1 83
2 46 1
1 48
2 43 2
2 42 57
1 44
1 23
1 77
2 79 18
1 37
2 21 74
2 56 86
2 5 52
2 10 74
2 78 34
1 82
1 4
2 56 10
2 28 55
2 10 76
2 92 26
2 85 26
2 77 26
2 40 53
2 52 13
2 36 87
2 42 49
2 82 24
1 54
1 48
1 11
1 67
2 5 74
1 94
2 18 17
1 79
2 26 18
1 42
2 52 95
1 24
1 77
2 62 83
1 21
2 69 77
1 4
2 93 27
1 83
2 56 27
1 25
2 17 18
2 1 54
2 21 65
1 79
2 65 77
2 36 64
1 74
1 19
2 51 41
1 96
2 100 78
2 1 51
1 48
1 29
2 56 59
1 17
2 8 27
1 16
1 39
1 44
2 58 55
1 10
2 6 54
1 93
2 38 93
2 96 73
1 26
2 24 91
1 58
2 92 64
1 61
2 92 5
2 31 57
2 96 69
2 61 17
1 6
2 53 98
1 62
2 75 92
2 48 23
1 8
1 65
1 33
1 52
1 33
2 54 10
2 97 95
2 88 46
2 23 33
2 71 97
2 76 54
1 65
1 44
2 39 37
2 60 23
2 86 95
2 61 48
1 53
1 42
1 31
1 60
2 5 68
2 86 6
2 35 16
1 23
2 43 31
1 82
2 29 29
2 88 46
1 44
1 10
1 96
1 81
1 8
2 6 95
1 6
2 52 61
2 5 87
2 58 19
2 92 80
1 24
2 97 40
2 16 53
1 79
1 11
1 41
1 27
1 21
1 76
2 87 64
1 90
2 9 8
1 25
2 67 15
2 84 17
1 81
1 2
2 45 29
2 73 93
2 100 40
2 47 50
1 33
1 83
2 2 23
2 100 22
2 11 80
2 81 79
1 74
1 85
2 50 48
2 25 32
1 63
2 97 68
1 55
2 57 14
2 68 36
1 49
2 80 42
2 97 38
1 5
1 60
1 98
1 84
1 68
1 58
1 35
1 88
1 88
1 25
1 23
2 18 61
2 89 67
1 75
2 76 41
1 64
1 86
2 4 31
2 33 94
1 12
1 51
1 58
2 97 70
2 67 51
1 73
2 58 34
2 30 69
1 85
1 10
1 68
1 33
2 96 76
1 40
2 41 53
1 14
1 53
1 43
2 59 63
1 68
2 30 26
2 19 30
2 56 45
2 70 6
1 10
2 63 10
1 11
2 20 17
1 39
1 46
2 17 64
1 42
1 49
2 29 8
2 2 2
2 74 16
2 58 9
1 88
1 4
2 31 39
2 60 18
2 89 1
2 59 85
1 73
2 29 81
1 82
2 98 69
2 23 88
1 95
2 43 23
1 74
1 84
2 39 58
2 31 15
1 64
2 80 27
2 85 13
1 86
1 4
1 85
2 15 77
2 33 27
2 73 9
1 6
1 93
1 91
2 21 27
2 24 23
2 54 66
1 22
2 38 12
1 54
1 24
1 52
1 43
2 40 61
2 43 3
2 60 48
1 21
1 90
1 13
2 36 11
1 39
2 94 18
2 6 23
2 3 99
2 16 96
2 69 92
2 53 19
2 18 56
2 96 1
2 36 60
2 85 62
1 97
2 100 68
1 95
2 44 97
2 70 33
1 30
1 66
2 77 35
2 63 95
1 91
2 79 13
2 88 8
1 78
1 28
2 20 18
1 26
2 17 61
2 36 27
1 86
2 48 24
2 17 47
1 2
1 40
2 69 32
2 41 93
1 11
2 22 44
1 16
1 31
2 87 15
2 14 15
1 46
2 88 97
2 91 61
2 23 13
1 22
2 96 83
1 2
2 9 16
1 27
1 100
2 39 81
1 100
1 97
2 90 85
2 8 86
1 41
1 54
1 5
2 22 48
2 28 86
2 70 53
1 65
2 92 10
1 43
2 16 95
1 84
1 100
2 63 64
1 54
2 34 84
1 35
1 7
1 46
1 60
2 46 30
2 86 8
1 54
2 53 74
2 91 55
2 75 91
2 77 88
1 7
1 30
2 5 36
2 36 35
2 84 1
2 48 81
2 76 34
1 46
1 95
1 43
2 23 84
1 63
1 70
2 97 83
2 26 98
1 14
1 81
1 84
1 5
1 10
1 77
2 3 74
1 70
1 53
2 11 74
2 61 58
2 33 9
1 90
1 6
1 33
2 76 36
2 41 26
1 31
1 46
2 81 23
2 30 86
2 49 52
1 14
2 95 86
2 51 83
1 40
1 85
2 37 52
1 95
2 99 69
1 53
1 41
1 59
1 92
2 12 34
2 25 16
1 72
1 20
2 15 80
1 21
1 95
1 47
1 16
2 48 96
1 13
2 15 7
1 17
1 38
2 36 35
1 19
2 29 50
2 12 39
2 60 42
1 67
1 29
1 95
2 86 48
1 11
2 74 89
1 51
1 98
2 94 33
1 55
1 64
1 43
1 13
2 1 5
2 96 35
1 88
1 36
1 88
1 82
2 24 90
2 27 50
1 38
2 77 74
2 63 56
2 12 69
2 58 26
1 71
1 81
2 88 66
1 95
1 2
2 43 78
2 16 3
1 11
2 96 40
2 88 92
2 82 5
2 20 79
1 75
2 43 7
2 33 95
2 76 43
2 46 54
1 41
2 72 48
1 5
2 75 70
2 65 22
1 11
1 65
2 75 45
2 17 5
2 57 24
1 75
1 48
2 75 35
2 16 43
1 36
1 35
2 50 81
1 81
1 48
2 25 61
2 8 53
2 85 8
1 42
2 70 86
1 43
1 13
2 96 47
1 40
1 92
1 35
2 36 31
2 41 11
2 12 77
2 68 1
2 43 54
1 35
1 62
1 36
2 31 51
2 65 97
1 90
2 68 13
1 80
2 25 64
2 81 43
1 69
2 39 84
2 6 40
1 27
1 24
1 54
1 78
1 13
1 13
2 83 6
1 87
2 21 59
1 22
2 79 34
2 40 5
1 37
1 6
1 100
1 18
1 88
1 23
1 44
2 19 61
1 15
1 41
1 17
1 25
1 39
1 7
1 1
2 13 29
2 3 8
2 26 54
1 36
1 44
1 26
2 2 2
1 15
2 47 60
1 12
2 75 48
2 16 8
1 26
2 1 84
1 56
1 54
1 43
1 96
2 22 87
2 87 66
2 47 85
2 47 10
2 28 9
2 28 38
1 27
1 20
2 72 91
2 44 37
1 9
1 20
2 42 41
1 69
2 23 56
2 48 97
1 5
2 84 83
1 38
2 45 57
1 92
2 100 39
2 35 6
2 92 82
2 64 62
2 27 46
2 76 13
1 16
2 92 63
2 83 35
1 38
1 100
1 78
1 75
2 86 77
2 93 88
2 93 89
1 67
2 11 93
2 23 16
2 20 85
2 94 34
1 58
1 71
2 2 5
2 16 32
2 5 26
1 12
2 27 63
2 39 33
1 85
2 9 23
1 48
1 74
2 56 52
2 98 65
2 84 96
2 1 50
1 64
1 46
1 6
2 61 27
1 39
2 59 43
1 5
1 49
2 17 62
1 70
1 35
2 79 88
2 47 22
1 28
2 69 40
2 2 87
1 24
1 8
2 98 49
1 60
1 81
2 78 67
2 37 88
1 59
1 74
2 70 40
2 42 18
2 47 22
2 63 50
1 77
2 43 24
2 9 97
2 57 33
1 61
2 76 11
1 70
2 61 46
2 60 70
2 21 27
1 76
2 57 69
2 44 95
1 17
1 65
2 92 37
1 98
1 42
2 8 88
1 79
1 5
2 59 92
2 23 74
1 4
1 20
1 73
2 30 21
2 43 35
1 65
1 83
1 18
2 23 77
1 33
2 61 52
1 87
1 27
1 4
1 80
2 91 82
2 72 78
1 73
2 50 87
1 59
1 20
2 56 6
2 13 36
1 86
1 88
2 19 78
1 94
1 72
1 86
2 62 1
2 72 96
2 63 55
1 47
2 94 91
2 58 20
2 30 90
1 56
1 88
2 9 85
1 20
1 3
2 92 35
2 10 90
2 1 62
1 57
1 83
1 15
2 57 49
1 27
2 12 60
1 41
1 22
1 55
2 26 77
2 88 67
1 94
2 8 77
1 13
2 97 30
2 6 78
1 33
2 65 16
1 53
1 90
2 37 50
1 22
1 84
2 47 34
2 83 83
2 87 51
1 34
1 84
1 30
2 97 6
2 5 99
1 92
2 2 48
1 76
2 49 6
1 83
2 86 17
2 32 9
2 9 13
2 41 44
1 13
2 4 2
1 46
2 51 6
2 72 43
1 46
1 12
1 97
2 19 61
1 75
2 13 23
2 38 63
2 73 80
2 56 6
1 17
2 42 88
1 13
2 18 45
1 95
2 99 61
1 80
2 58 62
1 98
1 44
2 51 45
1 79
2 67 26
2 24 69
1 37
1 36
2 72 80
1 90
1 94
1 44
2 82 27
1 85
2 6 60
2 46 78
2 18 74
1 34
1 96
1 60
1 39
2 92 62
1 54
2 78 33
2 81 58
2 18 80
1 29
2 53 49
2 1 77
1 44
1 14
2 6 23
1 46
2 35 32
1 41
1 91
1 83
1 66
2 23 98
1 94
1 92
1 39
2 47 74
1 37
1 38
1 45
2 6 13
1 91
2 24 5
1 12
2 57 89
2 30 79
2 42 94
1 38
1 30
1 8
2 8 18
2 9 97
2 55 56
1 6
2 49 4
1 46
2 98 100
2 95 41
1 40
1 37
1 36
1 67
2 88 58
2 73 33
2 81 79
1 42
2 34 5
2 58 86
1 85
1 24
2 10 29
2 93 93
2 21 25
2 96 30
1 19
1 35
1 67
1 40
1 5
1 23
2 21 70
2 57 59
1 77
1 5
1 77
2 86 72
2 21 9
1 33
1 96
2 33 61
1 98
1 25
1 88
1 52
2 39 43
2 47 41
1 40
1 36
2 73 52
1 71
1 48
1 56
2 36 52
1 13
2 44 6
2 66 22
1 63
1 24
2 29 51
1 69
1 56
2 86 75
1 66
1 51
1 67
1 52
1 13
1 80
1 36
2 61 37
1 36
1 5
2 99 60
2 99 69
1 41
2 64 21
2 98 32
2 15 56
2 65 45
1 96
1 64
2 3 52
2 81 36
2 81 83
2 69 6
2 24 51
2 86 45
1 72
2 45 14
1 8
2 12 34
2 7 83
2 46 1
1 39
1 35
2 1 93
2 7 24
2 18 35
2 11 38
1 70
2 2 71
1 64
1 7
1 35
1 21
1 11
2 48 84
1 65
1 89
2 75 56
2 87 20
2 74 28
1 72
1 96
2 25 97
1 77
2 56 92
2 55 26
2 37 74
1 99
2 70 85
2 77 37
2 87 21
2 83 48
2 47 3
1 49
2 96 59
1 25
2 41 61
1 70
2 4 56
1 75
1 86
1 8
2 2 42
2 95 39
1 94
2 51 23
1 47
1 36
2 30 40
2 28 69
1 17
2 25 3
1 4
2 93 24
2 26 73
2 99 42
1 85
2 14 82
1 89
2 97 22
1 17
1 10
2 14 84
1 39
1 21
2 100 95
1 3
2 41 71
1 22
2 32 63
2 18 3
1 23
1 11
2 53 48
2 92 97
2 79 7
2 78 88
2 86 64
1 85
1 63
2 79 7
2 94 20
2 32 15
1 53
2 39 68
1 91
2 85 92
2 32 91
2 86 6
2 6 45
2 64 15
2 57 28
2 50 19
2 31 59
2 24 8
1 37
1 48
2 16 94
2 53 11
1 18
2 95 13
2 61 51
2 15 37
2 66 87
1 17
1 45
2 69 27
1 79
1 3
2 49 93
2 60 48
1 42
1 76
2 89 58
1 8
1 30
1 71
1 47
2 13 45
2 46 87
1 93
2 47 33
1 72
1 35
2 90 4
1 30
1 96
2 40 6
2 10 3
2 77 99
1 18
1 27
1 48
1 30
2 22 72
2 50 100
2 52 40
2 37 57
2 77 30
2 82 20
1 14
1 19
2 43 92
2 67 54
2 57 84
2 87 1
2 12 64
2 34 93
1 70
2 27 53
2 34 76
2 23 86
1 58
1 13
2 35 62
2 71 83
2 59 88
1 8
2 87 32
1 9
2 33 37
1 54
2 37 81
1 60
2 84 35
1 82
1 93
2 53 51
1 100
2 66 29
1 75
2 9 54
1 64
1 67
2 33 20
1 10
2 64 24
1 93
1 73
2 81 92
1 82
2 77 11
2 68 10
2 48 55
1 61
1 28
2 96 41
2 97 50
1 99
1 39
1 67
2 13 14
1 13
1 81
2 38 69
2 59 27
1 73
1 4
2 10 52
1 18
1 8
2 84 28
1 29
1 75
2 16 82
2 31 90
2 45 50
2 19 81
1 96
1 92
2 94 66
2 56 67
2 47 49
1 72
2 96 77
2 34 91
2 88 54
1 69
1 43
1 50
1 100
1 69
1 39
2 73 56
1 70
2 23 33
2 17 100
1 20
2 59 82
1 2
2 52 53
1 80
2 5 3
1 16
1 30
1 75
1 25
2 3 14
1 20
1 88
2 24 42
1 13
1 27
1 18
2 40 48
1 79
2 14 75
1 76
2 74 17
2 1 21
1 16
2 47 88
2 76 87
2 47 67
2 86 46
1 43
2 21 53
1 27
1 96
2 90 26
1 10
1 97
2 2 86
2 63 99
1 82
1 15
2 64 14
2 11 36
1 14
1 85
2 39 60
1 79
1 54
1 37
1 45
1 39
1 47
1 65
1 5
1 18
2 3 70
1 17
1 67
2 11 76
1 13
2 70 54
1 96
1 44
2 20 54
2 92 66
1 96
1 64
2 11 95
2 37 49
2 56 44
2 12 91
1 36
1 96
1 1
2 89 85
1 70
2 9 78
2 85 41
1 64
2 13 42
2 71 74
2 79 19
1 16
1 65
1 58
2 44 1
2 94 16
2 12 84
2 53 53
2 38 40
2 57 53
2 99 53
1 4
1 52
1 48
1 83
2 20 80
1 31
2 36 33
1 56
2 40 60
2 29 94
1 19
2 24 46
2 83 18
2 55 16
2 6 54
1 65
2 66 28
2 15 35
2 7 14
2 56 70
1 68
2 12 56
1 26
1 20
1 50
2 23 9
2 61 62
1 12
2 32 8
1 77
1 15
2 37 72
1 29
2 13 37
2 20 2
2 29 38
1 98
1 73
2 5 18
1 82
2 12 82
1 17
1 23
2 63 56
1 23
2 75 74
2 83 12
2 62 11
1 48
2 30 48
2 25 46
1 89
2 19 66
2 71 98
2 97 20
1 80
1 98
1 1
1 27
1 35
2 31 49
2 77 28
1 38
2 65 58
1 68
1 78
1 10
1 65
1 18
2 88 12
2 87 17
2 40 91
2 4 62
2 42 53
2 45 62
2 52 89
1 35
2 34 52
2 50 41
2 59 33
1 97
1 15
1 65
2 34 36
2 62 76
1 41
2 91 90
1 95
2 72 97
2 30 44
2 65 85
2 26 49
2 59 19
1 55
1 7
2 1 77
2 90 83
1 75
1 32
2 30 74
2 9 88
2 49 17
1 65
2 4 44
1 96
2 5 65
1 74
1 88
1 44
1 69
1 89
1 82
2 77 84
2 5 82
2 16 9
2 37 41
1 69
2 65 53
2 34 99
2 93 81
1 100
2 37 7
1 56
2 1 30
2 77 38
2 18 4
2 92 30
1 19
1 63
2 38 3
1 80
1 12
2 64 55
1 71
2 40 76
2 94 51
1 62
2 6 46
1 41
2 34 9
1 52
2 28 42
1 84
1 32
1 34
2 58 32
2 68 9
2 27 95
1 98
1 70
1 41
2 22 1
2 27 12
1 8
1 25
1 50
2 36 92
2 42 4
1 88
2 98 35
1 27
1 16
2 52 58
2 69 76
2 77 72
1 37
1 77
2 84 77
2 94 22
2 9 75
1 12
1 11
2 43 95
2 13 62
2 24 69
2 63 31
1 7
1 82
2 81 5
1 47
2 28 20
2 80 16
2 61 25
2 7 50
2 61 6
1 100
2 9 70
1 17
2 61 37
2 36 48
1 55
1 71
2 79 9
1 23
2 87 48
1 21
2 3 71
1 61
1 10
2 34 71
1 84
1 6
1 20
2 77 97
2 96 3
2 55 28
2 84 5
2 64 92
2 64 78
1 45
1 59
2 23 96
1 33
2 93 51
1 57
2 35 88
2 100 81
2 97 1
2 34 94
2 8 90
2 11 87
1 21
2 24 15
1 88
2 81 42
1 39
2 20 72
2 73 17
1 71
1 8
1 87
2 35 85
1 81
1 29
1 6
1 32
1 67
2 30 24
1 35
2 12 74
2 31 89
1 48
2 35 59
2 22 89
1 67
1 86
2 28 5
1 79
2 5 61
1 44
1 26
1 27
2 57 75
1 93
1 49
2 79 68
1 45
1 11
2 61 45
1 85
1 58
1 73
1 27
2 4 18
1 2
1 92
2 16 62
2 48 34
2 32 98
1 97
2 18 85
2 62 82
2 26 15
2 50 17
1 36
2 69 34
1 43
2 16 23
1 6
1 54
1 22
1 10
2 82 70
2 62 21
2 31 55
1 22
1 14
2 74 11
1 50
1 90
2 2 33
2 70 15
1 33
1 15
1 9
1 35
2 67 91
2 66 90
1 20
2 93 29
1 95
1 73
1 22
1 95
2 67 91
1 63
1 25
2 23 24
1 93
2 74 55
1 55
2 72 41
1 70
2 40 70
2 32 53
2 70 78
1 81
1 89
2 34 93
2 53 28
1 70
1 83
1 33
2 10 12
1 75
2 83 83
1 19
1 56
2 53 5
1 17
1 49
1 1
1 52
2 35 98
2 54 10
2 14 14
1 45
2 31 8
1 76
2 27 90
1 98
1 64
2 14 29
1 78
2 16 91
1 1
1 53
1 88
1 62
1 59
1 80
2 70 9
2 72 22
1 39
1 13
2 73 47
1 81
2 57 46
2 79 53
1 9
2 44 84
1 15
2 27 100
2 14 62
2 86 45
2 8 88
1 9
2 67 50
1 54
2 58 89
1 27
2 21 16
1 46
2 37 95
2 22 56
2 21 85
2 71 89
2 82 64
2 90 41
2 43 70
2 55 83
2 18 9
1 91
1 83
1 56
1 10
1 49
2 40 5
2 20 34
1 56
2 14 40
1 22
1 59
2 58 44
1 9
2 41 64
2 100 3
2 87 77
2 9 96
2 62 79
1 35
1 43
1 44
1 88
1 64
2 15 51
1 4
1 9
2 63 19
1 95
2 52 39
1 76
2 79 48
1 40
1 50
1 42
1 83
2 67 48
1 35
1 81
2 31 59
1 67
1 8
1 77
1 73
2 28 85
2 64 89
2 27 95
2 47 87
1 35
1 55
1 74
2 4 4
1 87
1 78
2 10 28
2 92 47
2 43 96
2 63 27
2 28 8
1 88
2 92 20
1 40
2 9 97
1 89
1 61
1 69
1 41
1 74
1 72
1 89
2 59 4
2 20 100
1 42
2 61 22
2 24 13
1 79
1 72
2 51 96
2 78 86
1 14
1 6
2 46 62
1 18
1 97
1 12
1 58
1 69
1 59
1 12
1 54
1 29
1 78
2 36 25
2 6 46
2 28 87
2 7 52
1 86
1 32
2 20 28
2 31 61
1 71
1 84
1 84
1 98
2 13 86
2 99 3
2 13 28
2 95 29
2 94 98
1 58
1 79
2 16 47
2 49 86
2 35 93
2 84 2
1 38
2 75 59
1 89
2 2 7
1 25
2 60 75
1 93
2 65 46
1 94
1 22
2 42 51
1 97
1 12
1 95
2 31 53
1 84
2 85 16
2 78 30
2 5 33
1 85
2 87 76
1 97
1 28
2 61 40
2 67 50
1 4
1 16
1 18
2 97 94
2 41 30
2 53 90
2 18 48
2 4 33
2 100 98
1 65
1 40
1 18
1 89
2 93 9
1 87
1 46
2 94 35
2 4 31
2 9 53
2 43 10
2 78 7
1 33
1 13
1 15
2 41 75
2 2 22
2 36 82
1 31
2 4 33
1 37
1 62
1 31
1 45
2 26 59
2 89 39
2 36 90
1 64
1 22
1 71
1 61
2 32 10
1 1
2 47 19
2 32 53
2 67 73
2 53 67
2 13 33
2 29 81
2 35 60
1 38
2 81 4
2 61 53
2 9 78
1 76
1 87
2 44 20
2 66 36
1 57
2 54 23
2 18 10
2 11 87
1 36
2 53 100
2 10 94
1 85
2 75 13
2 78 82
1 57
1 18
2 50 55
1 70
2 53 66
1 11
1 38
1 88
1 91
1 82
1 43
1 95
1 64
2 7 25
2 99 71
1 64
2 15 64
1 29
2 17 59
1 99
2 88 14
2 77 83
1 65
1 46
1 31
1 66
2 28 65
1 68
2 52 48
1 1
2 99 59
2 90 18
1 49
1 51
2 81 48
1 66
2 90 30
1 48
2 76 97
2 86 77
2 93 78
2 72 55
1 70
2 12 96
2 45 37
1 46
1 7
2 84 65
2 66 46
2 30 72
2 22 7
2 60 8
2 19 44
1 40
1 94
1 84
2 14 46
2 21 77
2 99 94
1 62
1 18
2 74 64
1 37
2 43 54
2 99 87
2 85 95
2 27 85
2 48 73
2 67 54
1 82
2 48 87
2 92 93
1 65
1 19
1 80
1 76
2 46 66
1 55
1 94
1 85
2 43 75
1 91
2 85 41
2 18 89
1 97
1 5
2 74 14
2 42 91
2 59 89
2 58 77
1 73
2 2 18
1 46
1 75
1 2
1 63
1 60
2 37 19
2 99 46
1 35
1 12
1 42
2 47 21
2 7 36
2 56 53
1 5
1 90
2 87 90
2 97 92
2 49 26
2 18 39
2 5 51
1 77
1 74
2 38 16
2 17 81
2 66 82
1 26
2 79 60
2 93 17
2 37 99
1 52
2 95 89
1 49
1 1
2 31 70
2 11 13
1 53
1 69
1 86
1 55
1 6
2 7 20
2 10 88
2 21 82
1 18
1 20
1 72
1 98
2 87 93
1 46
1 55
1 32
2 24 17
2 76 57
1 42
2 8 86
2 67 16
1 89
2 1 3
1 34
1 29
1 89
1 88
1 19
1 35
1 29
2 42 44
2 40 64
1 32
2 97 48
1 55
2 88 13
1 4
1 40
2 95 4
1 10
2 17 79
1 44
1 55
1 100
1 42
1 77
1 45
2 12 17
1 36
2 56 92
2 93 89
1 28
1 50
1 71
2 18 61
1 13
1 17
1 15
1 24
2 85 34
1 95
1 83
1 50
1 65
2 17 15
1 73
2 4 22
2 81 99
2 94 10
1 68
2 24 46
2 58 37
1 44
1 1
2 46 72
1 95
1 57
1 85
1 94
2 20 10
1 46
1 56
2 51 98
1 32
2 58 47
1 34
1 65
2 39 16
2 13 58
1 30
2 21 13
2 56 35
2 18 91
2 57 43
1 94
2 86 61
2 47 85
1 68
1 99
2 80 60
2 66 74
1 37
2 11 75
1 3
2 43 33
1 1
1 1
2 18 49
2 59 62
2 56 87
1 78
2 71 15
1 54
1 58
2 90 79
1 79
2 89 14
1 75
2 98 74
2 29 69
1 99
1 88
2 96 19
2 94 43
2 41 44
1 91
1 34
2 49 74
2 38 82
2 88 12
2 76 38
1 20
1 77
1 44
2 32 12
2 90 94
2 62 99
1 62
2 8 18
2 46 77
2 19 52
2 57 93
1 35
2 81 26
2 28 30
2 6 93
1 19
2 75 22
1 88
1 39
2 47 21
2 77 51
1 100
1 32
2 69 76
1 19
1 83
1 56
2 21 90
1 31
1 56
1 82
2 69 44
2 84 42
2 50 91
1 98
2 84 16
1 77
1 26
2 8 96
1 98
2 31 40
1 68
2 66 30
2 42 9
1 15
2 53 58
1 70
2 9 33
2 94 21
2 4 13
1 24
2 41 33
1 24
2 33 83
2 36 66
2 85 56
1 67
1 57
1 73
1 88
1 15
2 100 11
2 49 14
2 33 82
1 77
2 89 31
2 9 81
2 3 81
1 2
1 84
1 38
2 64 50
2 1 13
1 77
2 97 29
1 64
1 18
2 53 88
1 7
1 74
2 38 36
2 16 30
2 65 29
2 61 81
1 23
1 83
1 63
1 10
2 74 66
1 39
1 84
2 24 73
2 94 40
1 84
1 51
1 98
1 11
2 21 76
2 78 65
2 97 35
2 60 52
1 67
2 79 49
2 42 54
2 88 79
2 97 15
2 97 2
1 88
2 89 90
2 7 57
2 35 23
1 60
2 32 39
2 30 50
2 52 65
2 65 28
1 73
1 19
1 69
2 11 27
1 72
1 9
1 43
2 15 41
2 50 91
1 65
1 68
2 74 12
2 92 39
2 100 19
1 22
1 78
2 53 57
2 28 8
2 70 50
1 92
2 45 48
1 47
2 62 34
1 23
1 66
2 12 75
1 68
2 96 3
2 52 44
1 52
1 9
2 62 67
2 41 42
2 40 45
2 93 2
2 46 40
2 49 66
1 83
2 49 49
2 26 26
2 31 9
1 92
1 42
1 79
1 89
1 4
2 44 14
1 46
1 77
1 31
2 18 33
1 4
2 38 95
1 62
1 22
1 55
1 86
2 38 69
1 45
1 9
1 88
1 55
1 89
2 53 2
2 28 52
1 17
2 81 6
1 77
2 89 43
2 30 40
2 26 49
1 38
2 80 36
1 68
1 14
1 34
1 31
2 10 62
1 48
2 47 51
1 37
1 73
2 73 16
2 53 39
1 2
2 49 76
1 55
1 14
1 12
1 98
2 57 91
1 100
2 70 3
2 46 97
2 72 38
1 22
2 48 23
1 44
2 100 6
2 17 71
2 22 89
1 49
1 45
1 26
1 26
1 71
1 66
2 4 100
1 36
1 13
2 62 44
1 81
2 27 35
1 1
1 41
2 91 87
1 48
2 10 1
2 12 3
2 42 18
1 63
1 97
2 66 57
2 31 28
1 35
2 48 22
1 94
2 10 72
1 63
2 83 91
1 83
1 89
2 48 22
1 88
1 92
2 12 69
1 93
1 49
1 4
2 5 6
1 97
1 40
2 35 26
1 48
1 71
2 7 77
2 92 99
2 17 84
2 27 64
1 5
2 27 50
1 88
1 44
2 16 92
2 28 87
2 28 81
2 15 25
1 22
1 46
1 58
1 25
2 8 37
1 50
1 42
1 16
2 82 88
1 12
2 24 64
1 100
1 46
1 70
1 60
2 90 33
2 42 6
1 39
2 6 36
1 26
1 80
1 77
2 74 72
1 40
2 78 27
2 10 42
2 76 59
2 21 88
1 51
2 49 7
1 56
1 34
1 20
1 76
2 12 70
1 93
1 11
1 82
2 77 63
2 25 76
2 45 28
1 61
2 46 33
2 21 10
1 92
1 82
2 13 98
1 34
1 56
1 100
1 58
2 47 69
2 8 4
1 93
1 98
2 69 29
1 81
2 71 93
2 11 28
2 7 42
2 78 11
2 58 78
2 59 55
2 37 64
2 6 92
2 54 48
2 50 65
1 66
2 67 2
1 17
2 48 2
2 65 66
1 98
1 38
1 69
1 26
1 3
1 45
1 72
1 50
2 60 68
2 62 78
1 41
1 5
1 35
2 35 19
2 43 99
1 81
2 66 71
1 87
1 7
1 26
2 23 72
2 85 89
2 78 3
2 28 75
1 4
1 41
1 12
1 49
2 47 94
1 73
1 91
1 26
2 82 6
1 82
2 71 24
2 48 69
1 89
1 71
1 30
1 65
1 98
2 45 46
2 25 20
1 61
1 65
1 49
2 56 100
2 25 16
2 71 55
2 98 1
1 51
2 38 27
2 39 12
1 18
2 18 31
2 85 95
2 29 79
2 13 45
2 61 84
1 9
1 3
2 69 22
2 38 85
2 71 51
1 40
1 46
2 75 57
2 28 97
2 28 80
1 26
1 55
1 96
2 48 32
1 86
1 75
1 72
2 59 69
1 44
1 84
1 33
2 11 58
2 29 34
1 93
1 54
2 23 16
2 34 75
2 78 11
2 82 73
2 95 84
2 26 9
1 27
2 82 28
1 89
2 42 24
2 21 20
1 68
2 79 94
2 62 39
2 45 19
2 51 75
2 31 9
1 74
2 34 71
2 70 19
1 3
2 46 98
1 50
1 66
1 78
2 4 77
1 92
1 75
1 53
2 55 64
1 46
2 74 78
1 39
1 89
1 49
2 51 69
2 24 17
1 6
2 85 98
1 60
2 12 73
2 71 42
1 36
2 22 3
1 27
2 12 3
1 47
2 72 76
1 66
1 10
2 2 42
2 88 58
2 48 56
1 66
1 61
1 33
2 88 50
2 63 87
1 38
1 25
1 43
1 92
2 5 47
2 37 47
2 35 98
1 80
1 77
2 64 65
1 6
1 36
2 7 14
1 11
1 19
1 84
1 32
2 86 54
2 26 42
1 26
1 47
2 33 17
1 1
2 51 79
2 2 78
1 96
1 40
1 62
1 18
2 92 74
2 81 23
2 1 84
1 94
1 62
1 3
2 2 24
2 6 79
2 54 3
2 17 12
1 60
1 79
1 68
2 39 47
2 8 40
1 89
1 83
1 81
1 30
1 83
1 38
2 25 14
2 70 97
1 75
1 6
1 93
2 48 1
1 79
1 47
1 46
1 30
1 79
1 67
2 72 30
1 51
1 47
1 43
2 77 50
1 35
2 18 16
1 69
1 51
1 49
1 3
1 80
1 15
2 39 84
1 23
2 40 83
2 72 96
1 65
2 38 100
2 58 15
1 66
1 87
2 75 32
2 62 6
2 62 80
1 21
1 68
2 61 63
2 33 70
1 100
2 60 16
1 77
1 73
1 69
1 89
2 80 96
1 51
1 29
1 2
2 68 3
2 9 14
2 98 26
2 5 88
1 70
2 16 7
1 60
2 11 61
1 17
1 48
2 17 20
1 73
2 7 50
2 7 76
2 68 81
2 52 98
2 59 5
2 82 54
1 19
1 20
2 10 45
1 47
1 77
2 7 26
2 56 53
1 48
2 41 76
1 57
1 44
2 23 51
1 41
1 44
2 34 23
2 8 61
2 19 77
1 98
2 51 91
1 56
2 13 77
2 19 83
2 91 14
2 46 41
1 46
2 43 21
1 92
1 55
2 73 94
1 22
1 36
1 90
2 56 83
2 53 16
1 34
1 52
2 62 22
1 89
1 31
2 76 68
2 11 62
2 39 39
1 46
1 30
1 24
1 69
1 88
1 52
2 95 85
2 45 5
2 92 68
2 5 29
2 77 76
1 56
1 67
2 38 35
2 1 14
1 62
1 89
2 39 92
2 5 15
2 21 39
2 42 95
1 94
2 63 95
1 73
2 34 8
1 45
2 46 5
1 66
1 85
1 75
2 50 95
1 74
2 92 12
2 30 16
1 78
1 26
1 53
2 6 96
2 47 24
1 3
2 9 61
2 63 90
2 56 93
2 41 6
2 57 69
2 8 77
2 4 68
2 92 14
1 29
2 83 79
1 37
2 79 61
1 33
1 22
1 55
2 63 45
2 65 55
1 61
2 27 50
1 100
1 83
1 48
1 6
2 94 69
2 31 91
2 95 82
1 54
1 16
1 51
2 33 54
1 21
2 28 100
1 66
1 26
2 47 10
2 60 79
1 59
1 70
2 82 4
1 39
2 37 87
2 94 9
2 22 91
2 29 29
1 69
2 37 55
1 38
2 78 100
1 61
2 79 80
1 41
2 50 12
2 81 1
1 71
1 66
2 38 45
1 75
1 27
1 22
2 66 84
1 7
2 91 71
2 10 48
2 65 75
1 74
1 38
1 83
1 60
2 3 92
1 22
2 50 23
1 97
1 77
2 36 9
2 20 69
1 95
2 57 91
2 29 29
1 66
1 96
2 66 87
1 99
2 43 58
2 1 34
2 7 23
2 79 85
2 22 2
1 27
2 48 78
1 69
2 99 36
1 34
2 95 51
1 23
1 79
1 75
2 5 33
2 92 66
2 18 7
1 44
2 51 6
1 65
1 39
1 49
2 4 87
1 42
1 38
2 55 46
2 7 27
1 27
2 90 98
1 25
1 84
1 34
2 76 33
1 70
1 66
1 4
1 84
1 10
2 55 11
2 86 55
2 23 10
2 95 68
2 68 68
2 56 73
2 30 61
2 96 68
2 6 45
2 9 16
2 72 91
1 7
1 58
1 39
1 97
2 91 53
2 93 13
2 17 51
2 26 72
2 6 14
2 14 41
1 67
1 90
1 99
1 81
2 43 18
2 55 23
1 40
1 35
1 55
2 96 82
2 14 3
2 51 66
1 95
1 79
2 73 45
1 34
1 10
1 53
2 71 29
2 58 27
2 73 91
1 12
2 96 16
2 42 99
1 2
2 59 44
2 76 44
1 46
1 87
2 13 61
1 11
1 97
1 54
2 66 36
2 5 1
1 2
1 56
2 25 36
2 73 34
1 83
1 45
2 82 14
2 11 69
1 3
1 86
1 56
1 71
2 23 73
2 29 64
1 24
1 81
1 77
2 91 56
1 87
1 80
2 44 29
2 61 64
1 76
1 62
1 97
1 13
2 39 41
1 44
2 81 70
2 66 48
2 21 87
1 60
1 75
1 47
1 37
2 13 10
2 25 100
1 2
1 70
1 50
2 54 40
2 59 6
1 30
2 44 47
2 32 66
1 8
2 1 56
2 11 1
1 12
1 29
1 66
2 18 87
1 86
1 68
1 73
1 25
2 55 36
2 97 100
1 27
1 79
1 44
1 21
2 73 6
2 45 1
1 96
2 94 2
1 57
2 37 80
2 49 31
2 44 97
1 30
2 78 75
1 48
1 7
1 76
2 43 62
1 19
1 15
2 47 29
1 52
2 42 48
2 98 57
2 81 96
1 77
1 9
1 6
2 49 15
2 32 59
2 37 35
2 63 29
2 75 66
1 43
2 1 83
1 11
2 41 61
2 94 46
1 98
1 60
1 86
1 43
1 21
2 98 8
1 69
1 27
2 63 68
2 22 71
1 64
2 88 91
2 89 36
2 31 86
1 22
1 11
1 91
1 22
1 56
1 21
2 3 49
1 47
2 36 53
1 87
2 26 62
2 3 13
2 5 48
2 80 16
1 74
1 40
1 61
2 3 29
2 43 70
1 30
2 69 56
2 82 1
2 88 70
1 17
2 76 37
2 71 78
1 51
2 35 73
1 13
1 57
1 73
2 30 51
1 24
2 3 82
1 26
2 70 60
2 39 66
1 99
1 59
1 6
1 46
2 73 30
2 52 58
1 99
1 35
1 51
2 29 33
1 70
1 48
2 56 79
1 48
1 11
1 75
1 56
1 8
1 71
1 48
1 28
2 53 54
2 34 56
1 12
1 50
1 65
2 62 50
2 84 35
2 5 63
1 80
1 59
1 78
1 41
1 97
1 13
1 85
2 33 95
2 75 22
1 23
2 29 63
1 29
2 34 67
2 65 26
1 2
1 20
2 18 91
2 22 18
2 5 9
2 82 100
1 91
2 62 36
2 74 18
2 1 43
2 39 31
1 62
2 20 13
2 9 13
2 59 81
2 10 11
2 96 13
2 9 95
1 5
1 59
1 32
2 12 73
1 85
2 55 100
2 43 85
1 60
1 3
2 28 5
1 56
1 11
1 24
2 80 22
2 91 42
1 100
2 18 70
2 54 32
2 59 65
1 63
1 56
1 88
1 87
2 4 68
2 62 18
2 57 61
2 95 100
1 76
1 15
2 90 72
1 63
1 18
1 24
1 51
1 96
2 77 66
2 24 12
2 98 73
2 15 21
1 9
1 83
2 11 65
1 10
2 23 77
1 93
1 82
2 26 60
1 24
2 73 21
1 47
2 92 4
2 52 23
2 72 40
1 44
2 64 60
1 48
2 34 69
2 78 78
1 63
1 100
2 45 94
2 29 1
1 69
1 11
1 13
2 28 89
2 95 80
2 66 3
2 59 26
2 1 45
1 73
1 60
2 45 77
2 49 66
1 21
2 64 73
2 12 74
1 80
2 64 2
1 15
2 6 26
2 10 99
1 79
1 6
1 91
1 44
1 97
1 23
2 63 5
2 68 21
2 98 47
1 9
1 58
2 53 5
2 10 39
2 55 13
2 98 57
1 15
1 94
1 41
1 41
1 59
2 75 66
2 90 73
1 63
1 23
2 46 49
1 75
2 82 60
1 52
2 6 57
1 98
1 39
1 67
1 69
2 74 86
1 4
1 4
1 8
1 62
2 89 60
2 30 72
2 34 60
1 33
1 34
1 77
1 58
2 27 14
1 74
2 74 80
1 28
1 63
2 2 60
1 69
1 99
1 21
2 31 26
1 57
1 2
2 58 83
1 8
1 82
2 13 86
1 64
2 89 39
2 3 52
2 43 100
2 82 41
1 36
2 99 12
2 16 4
2 83 3
2 64 57
1 45
2 19 50
2 77 71
2 19 88
1 59
1 13
2 6 79
1 51
2 17 11
1 66
2 84 12
2 14 54
2 90 58
1 25
2 98 88
2 6 10
1 3
1 85
2 50 74
1 12
2 53 84
1 63
2 86 9
1 92
2 37 19
2 100 67
1 77
1 69
2 90 5
2 100 62
2 69 47
1 46
1 37
2 21 23
1 68
1 88
2 29 87
1 98
2 22 15
2 32 55
2 61 7
1 96
1 9
1 59
2 27 15
2 47 72
1 79
2 41 57
2 46 61
1 90
1 39
2 58 88
1 53
2 39 63
1 64
2 47 58
1 35
2 86 51
1 57
2 53 74
2 17 78
1 17
2 8 79
2 31 30
1 19
2 65 43
1 49
1 99
1 10
2 94 96
1 68
1 39
1 63
1 55
2 16 2
2 89 95
1 11
1 97
2 42 39
2 83 45
2 81 21
2 22 58
2 89 8
1 93
2 57 62
1 33
2 84 59
1 83
2 74 59
2 15 2
1 64
2 59 83
2 65 43
1 96
2 92 43
1 84
1 85
2 85 79
1 24
1 3
1 30
1 24
2 60 8
1 84
2 22 56
1 2
2 98 16
2 21 22
2 68 78
2 19 73
1 94
1 84
2 13 43
1 64
2 15 18
1 35
1 47
2 54 78
2 73 50
1 91
1 68
2 69 20
1 4
1 45
2 79 71
2 6 84
1 91
2 67 52
1 89
2 16 96
2 36 1
1 78
1 2
1 59
1 12
1 52
1 85
2 70 15
2 31 47
1 5
2 85 60
2 34 62
1 3
1 12
2 8 14
2 55 36
2 66 16
1 44
1 20
1 73
1 71
1 63
2 32 24
1 83
2 95 91
2 65 22
1 44
2 95 33
2 96 6
2 37 99
1 37
1 62
2 70 8
2 69 14
2 28 48
2 42 48
2 10 53
1 9
2 2 83
2 61 24
2 47 31
1 30
2 98 61
2 81 56
2 45 63
1 34
1 81
2 90 1
2 28 30
1 25
1 9
2 71 32
1 96
2 86 41
2 15 20
2 43 15
2 32 43
1 67
1 93
2 94 42
2 36 40
2 85 10
2 19 78
1 13
2 8 39
2 99 4
1 37
1 78
2 90 36
2 38 15
2 89 16
1 78
1 32
2 18 7
2 63 38
1 4
2 23 7
1 45
2 10 78
1 95
1 58
2 92 11
1 37
2 77 53
2 52 49
1 54
1 67
2 82 52
1 49
1 24
1 52
2 66 28
1 5
1 93
2 65 100
1 13
2 87 78
1 8
2 17 40
2 12 94
1 11
1 58
1 52
2 97 23
1 14
1 87
1 35
1 41
1 2
1 33
1 30
2 84 31
2 89 6
1 2
2 96 81
1 63
2 28 85
2 32 75
1 31
1 71
2 57 96
2 82 27
2 23 68
2 69 72
1 61
1 25
1 39
1 88
1 30
1 46
2 90 39
2 98 29
2 32 47
1 27
2 43 96
2 28 70
1 95
2 32 88
1 28
2 26 15
1 35
1 39
1 85
2 48 37
1 56
1 38
1 76
1 38
1 55
2 80 66
1 19
2 33 18
1 40
2 52 34
1 10
2 1 51
1 42
2 63 31
1 41
2 36 50
2 32 82
2 69 91
1 27
1 69
1 82
1 60
1 99
1 43
2 35 43
1 16
2 11 83
2 39 83
1 32
1 6
1 7
2 66 39
1 40
1 99
1 57
1 52
1 5
1 87
1 26
1 99
2 70 23
1 83
1 90
1 49
1 29
1 83
1 19
1 60
2 30 5
1 74
1 53
2 45 12
1 78
2 63 80
1 26
2 57 80
2 96 78
2 91 75
2 92 24
1 37
1 54
2 75 19
1 50
2 96 67
2 58 98
2 71 22
2 100 16
2 61 33
1 95
1 64
2 36 25
2 84 93
2 93 48
2 7 55
1 52
2 38 100
2 65 48
2 43 63
2 32 63
2 67 1
2 70 19
2 79 15
1 13
1 71
1 85
2 20 33
2 34 81
1 95
2 32 66
1 15
2 89 13
1 77
2 56 82
2 38 31
1 68
1 1
2 72 54
2 74 95
1 45
2 7 64
2 50 35
1 85
2 24 100
2 74 75
1 30
2 38 32
2 9 28
1 66
1 45
2 91 18
2 78 38
2 12 72
2 3 98
2 78 24
2 84 49
2 41 52
2 67 48
1 79
2 76 91
2 78 76
2 98 78
1 33
1 74
2 52 79
1 17
2 29 1
2 79 88
1 17
2 66 32
2 84 76
1 15
2 41 33
1 58
2 2 31
1 3
1 37
1 99
2 28 92
2 95 65
1 88
2 91 30
1 40
2 21 82
1 52
1 64
2 40 100
1 24
1 5
1 75
1 14
2 63 20
2 24 22
2 43 15
1 84
2 23 7
2 74 30
1 2
2 57 8
2 23 18
1 1
2 64 5
1 14
2 64 65
2 28 85
1 13
1 22
2 91 46
1 64
2 39 71
1 9
2 70 42
1 27
1 3
2 41 25
1 78
2 56 24
2 77 34
1 35
2 34 21
2 38 46
1 6
2 58 33
2 60 88
2 60 18
1 64
2 9 46
2 81 42
1 74
1 11
1 17
1 27
1 60
1 8
1 72
2 66 29
2 16 23
1 25
2 39 3
2 75 47
2 11 1
2 65 96
2 25 79
2 18 5
2 2 9
2 24 23
1 18
1 69
2 98 23
2 76 15
1 88
1 89
2 36 24
2 91 38
1 34
2 77 8
2 64 82
1 90
1 6
1 57
1 45
2 9 23
1 1
2 91 68
2 63 53
1 77
1 67
2 91 78
2 60 52
2 97 94
1 34
2 98 32
1 15
2 53 96
2 96 71
2 93 38
1 43
2 15 94
1 34
2 52 95
2 5 38
1 53
1 89
2 25 57
2 94 25
2 8 55
1 83
2 13 58
2 44 89
2 19 50
1 43
2 74 95
1 52
2 23 32
2 71 47
2 94 61
2 21 65
2 56 73
2 46 23
2 50 62
2 61 1
2 8 27
1 57
2 77 7
1 52
2 43 10
1 71
1 84
2 71 27
1 22
1 77
2 41 76
2 59 18
2 5 34
1 47
2 47 20
1 18
2 28 24
1 34
1 86
1 14
2 96 51
1 16
2 41 89
1 96
1 60
1 61
2 54 85
1 60
2 81 85
1 42
1 77
1 92
2 23 67
2 66 44
1 91
2 6 56
1 24
2 46 13
1 94
2 61 57
2 33 10
1 48
1 75
2 92 11
2 77 30
2 88 74
2 47 65
1 29
2 69 69
2 70 71
2 51 6
1 97
1 24
1 80
2 26 36
2 18 13
2 83 9
1 45
2 16 65
2 14 25
1 75
2 19 84
1 74
2 66 91
2 89 53
1 7
1 99
2 76 87
2 81 54
2 64 8
2 83 23
2 90 53
2 63 59
1 72
1 49
1 44
2 65 42
2 10 66
2 4 74
1 87
2 60 85
2 17 13
2 40 30
1 93
1 92
1 24
1 89
2 99 68
1 72
1 15
2 24 43
2 41 15
1 50
2 41 54
1 37
2 89 62
1 84
2 91 23
1 53
1 15
1 16
1 99
2 98 41
2 54 48
2 89 52
1 57
1 49
1 19
2 41 87
1 28
2 75 24
2 1 81
2 100 68
2 20 36
1 44
2 34 99
2 64 5
1 49
2 89 17
1 86
1 63
2 2 64
1 70
1 24
1 15
1 61
1 77
2 83 27
2 5 2
2 81 77
1 51
2 100 47
2 93 60
2 15 57
1 11
2 24 46
1 37
1 25
1 24
2 71 95
1 92
1 24
1 71
1 5
2 30 75
1 72
2 88 8
2 54 40
2 22 62
1 57
2 97 54
1 49
2 6 15
2 52 90
1 4
1 97
2 53 73
2 43 76
1 92
2 95 31
1 63
2 71 75
1 89
2 86 56
1 84
1 10
1 61
1 47
1 37
2 54 16
2 5 90
2 85 100
2 75 74
1 22
1 56
1 88
1 83
2 59 6
1 69
2 30 29
1 71
1 5
2 30 74
2 88 31
2 90 76
1 81
2 7 24
2 20 58
2 2 81
1 60
2 74 54
1 53
2 76 24
2 93 60
2 55 46
2 33 53
1 83
1 11
1 58
2 27 48
1 45
1 81
1 37
1 30
1 92
2 40 23
2 31 8
2 27 32
2 22 28
2 64 30
2 96 30
1 38
2 87 11
2 100 53
2 92 82
2 54 77
1 77
2 72 59
2 13 17
1 51
2 66 93
1 70
1 85
1 30
1 93
1 19
2 52 26
2 84 25
1 1
1 91
2 93 3
2 26 40
1 10
1 89
2 28 38
2 85 93
2 99 20
1 58
2 86 7
2 13 89
2 88 58
1 85
1 7
1 68
2 36 42
2 45 59
1 21
1 76
1 32
1 87
1 55
2 80 71
1 22
1 84
2 98 14
1 17
2 44 42
1 33
2 80 9
1 65
1 82
1 61
1 10
1 4
2 13 65
1 5
1 39
2 8 80
2 87 33
1 23
1 82
1 79
2 23 86
1 75
2 75 93
1 74
1 9
1 95
2 99 7
2 55 31
2 93 15
1 99
1 15
2 75 4
1 79
2 26 64
1 58
2 85 10
2 37 32
1 10
1 8
2 72 42
1 85
1 35
2 98 23
2 7 24
1 36
2 44 15
1 10
2 71 74
1 20
2 49 85
2 30 72
2 41 18
2 86 98
2 22 46
2 65 73
2 44 6
2 67 62
2 38 65
1 63
1 23
2 10 14
2 7 14
1 73
2 18 60
1 6
2 7 56
2 76 41
2 71 1
1 38
1 22
2 43 99
1 99
1 11
2 11 65
1 37
1 83
1 22
2 27 4
1 52
1 57
1 8
2 98 24
2 88 79
2 75 65
2 71 4
2 37 71
2 24 6
2 1 38
2 82 75
2 23 24
1 5
1 87
2 46 23
2 28 84
2 97 96
2 46 54
2 2 81
2 30 47
1 68
2 50 19
2 56 72
2 94 30
2 30 13
1 18
2 52 69
2 15 1
2 11 60
1 30
2 94 79
1 73
2 10 96
1 94
1 82
1 65
2 13 55
1 24
2 32 37
1 5
1 48
1 37
1 26
2 11 85
1 86
1 91
2 95 84
2 28 95
2 17 97
2 4 35
1 69
1 54
2 8 31
2 37 21
2 45 5
1 44
2 31 83
1 81
1 33
2 78 41
1 62
1 83
1 82
2 91 69
1 31
2 49 97
1 54
1 31
2 48 79
2 29 54
1 68
2 84 57
2 49 3
1 65
1 32
2 16 18
2 23 97
1 72
2 26 11
1 2
2 81 69
2 11 55
1 39
2 80 27
2 88 36
2 87 63
2 83 68
2 76 61
1 1
1 17
2 30 41
1 24
1 91
1 95
2 5 31
1 14
2 60 19
1 62
2 43 98
2 56 24
1 9
2 48 83
1 36
1 43
1 4
2 34 66
2 58 31
1 30
2 23 56
2 39 3
2 57 90
2 57 31
2 7 21
1 45
1 34
1 2
1 23
2 6 80
2 26 74
2 15 73
1 87
2 75 19
2 40 8
2 10 27
1 78
1 31
1 21
2 41 39
1 51
1 14
1 23
2 25 100
2 41 74
1 26
2 8 92
2 34 79
2 18 12
2 5 16
1 92
2 48 16
1 27
2 60 51
2 36 21
1 21
1 9
2 44 59
1 58
2 63 14
2 24 23
1 63
2 60 99
2 99 20
1 17
2 8 20
2 26 23
1 40
1 29
1 8
2 5 64
2 52 94
1 68
1 99
2 61 47
1 2
2 85 54
2 65 29
2 68 58
1 53
1 75
1 37
1 80
2 58 86
2 79 14
1 75
1 77
1 18
2 32 10
2 71 87
1 72
1 71
1 64
2 46 17
2 92 28
2 69 1
1 85
1 40
1 34
2 25 36
1 11
2 88 94
1 22
1 30
1 61
2 65 92
2 40 78
2 75 44
2 24 87
1 6
1 4
1 82
1 73
2 72 83
1 94
1 65
2 70 58
2 21 20
2 69 17
2 19 59
1 100
2 69 6
1 81
2 32 25
1 68
2 26 55
1 91
1 84
2 6 98
2 67 15
2 50 6
1 42
2 96 71
2 73 76
2 1 40
2 66 36
1 93
2 21 14
1 20
1 34
1 31
2 81 10
1 41
1 41
1 21
2 79 42
1 27
2 99 42
2 55 46
1 61
2 17 74
1 21
2 57 28
2 60 65
1 47
1 85
2 87 13
2 66 33
2 38 93
1 35
1 25
2 32 8
2 39 75
2 65 13
2 36 74
2 89 88
1 88
2 98 76
1 88
2 60 13
2 71 32
1 96
1 80
1 3
1 12
2 29 9
1 85
2 45 19
1 65
1 12
2 91 63
1 39
1 72
1 63
2 72 21
1 20
2 95 60
2 41 27
2 77 61
1 8
1 5
1 68
2 71 100
1 68
2 2 99
1 32
2 67 9
1 13
2 45 13
1 70
2 62 76
2 84 31
2 8 95
2 25 7
1 64
2 28 93
1 78
2 35 60
2 100 22
2 4 6
2 43 50
1 79
2 85 38
2 30 26
1 27
1 73
1 53
2 4 26
2 10 21
1 28
1 2
1 25
1 77
2 5 65
2 39 9
2 5 84
1 98
2 7 50
2 70 56
1 44
2 50 42
2 60 55
1 73
1 8
2 92 50
1 22
2 69 58
1 99
1 54
2 51 39
2 50 72
1 86
1 71
2 7 41
2 79 33
2 43 21
1 85
2 57 85
1 5
2 45 58
2 79 81
2 23 15
2 97 31
1 53
2 23 93
2 36 61
1 54
1 84
2 90 99
1 98
2 3 18
1 28
2 18 94
2 26 72
2 66 9
1 13
2 61 94
1 32
1 87
2 22 87
1 18
2 49 46
2 97 45
1 83
1 53
1 42
1 89
2 81 88
2 42 37
2 56 55
2 44 32
2 62 37
2 78 77
1 86
2 15 48
1 33
1 52
2 57 93
2 73 28
2 51 43
2 96 46
1 15
2 18 94
2 18 14
1 4
1 53
2 74 27
2 95 62
1 89
2 80 17
1 42
1 33
2 27 50
2 70 2
2 98 60
2 26 57
2 68 78
1 19
1 82
2 31 78
1 8
2 35 100
2 68 84
1 47
2 21 63
1 90
2 98 82
1 80
1 64
1 26
1 86
1 49
1 29
2 23 83
2 39 69
2 62 88
1 83
2 40 25
2 62 35
1 19
1 25
2 59 71
2 32 9
2 63 91
1 16
2 36 79
1 95
1 80
1 94
2 57 94
1 38
1 88
2 47 8
1 89
2 31 82
1 36
2 10 32
1 9
2 47 77
1 51
1 92
1 78
1 37
1 64
2 57 18
1 8
1 95
2 9 45
2 13 13
2 42 91
1 65
2 51 78
1 32
1 17
2 85 12
1 76
1 34
1 7
2 84 82
2 26 40
2 80 93
2 75 61
1 23
1 36
2 67 42
2 6 86
1 24
1 99
2 34 2
1 95
2 63 33
2 18 59
1 74
2 99 10
2 21 9
1 82
1 88
2 52 48
2 25 47
2 79 59
2 65 100
1 30
1 89
2 54 11
2 44 97
2 6 47
1 78
1 20
1 53
1 73
2 72 35
2 78 47
2 65 46
1 32
2 60 63
1 17
1 86
2 76 56
1 2
2 1 63
1 36
2 30 63
1 94
2 18 19
1 10
1 100
1 8
2 91 84
2 30 88
2 3 78
1 17
2 14 71
1 54
1 16
2 39 63
1 1
2 52 91
1 86
2 78 59
1 76
1 37
1 14
1 30
2 17 70
1 18
2 22 15
1 91
1 38
2 50 2
2 23 59
1 21
1 89
1 40
1 34
1 75
1 10
2 17 42
2 100 64
2 30 95
2 29 25
2 78 91
2 37 98
1 90
2 41 13
1 64
1 80
2 78 62
1 63
1 39
1 92
2 5 58
2 88 65
2 9 62
1 64
2 4 92
2 39 83
2 26 88
1 85
2 59 30
1 31
2 4 63
2 6 56
2 82 50
1 86
1 65
1 47
2 52 99
2 72 75
2 57 37
2 18 92
2 41 96
1 94
1 87
2 59 5
2 27 58
1 41
1 67
1 18
1 52
1 42
1 17
1 40
2 100 9
2 31 52
1 47
2 78 1
1 44
2 70 29
2 41 86
2 50 48
2 74 23
2 22 80
1 76
1 8
1 34
2 74 36
2 85 94
2 72 35
1 38
2 46 46
2 24 1
1 19
2 35 82
1 73
1 91
2 61 73
2 62 2
1 61
1 16
2 89 65
1 57
2 28 59
1 50
1 97
1 30
2 22 49
1 52
1 55
2 3 14
2 4 27
2 70 91
1 46
2 17 3
2 49 51
1 14
1 35
2 37 64
2 34 46
1 84
2 80 26
1 100
1 56
1 2
2 90 85
1 89
1 93
1 45
1 83
2 26 100
1 16
1 10
1 80
1 34
1 7
1 69
1 92
1 89
1 7
2 12 12
1 28
1 66
1 99
1 11
2 34 90
1 92
2 40 20
1 74
1 11
2 31 94
1 63
1 44
1 4
2 11 42
2 19 26
2 69 35
2 5 50
2 70 94
2 83 41
2 39 67
2 59 73
2 31 2
2 69 54
2 14 16
1 5
1 91
1 97
2 34 15
2 31 58
2 55 44
1 84
1 33
1 96
2 37 74
2 31 72
2 67 1
2 61 4
2 68 31
2 53 62
2 42 33
2 76 57
2 42 45
2 14 24
2 61 95
2 15 5
2 4 25
1 4
2 86 91
2 55 61
1 14
1 50
2 45 77
1 5
1 95
2 8 43
1 50
2 64 71
1 71
1 76
1 14
1 71
2 84 27
1 24
2 50 83
2 68 41
2 76 60
1 33
2 94 82
2 48 16
2 86 73
1 83
2 46 94
2 43 5
1 10
1 17
2 65 57
2 63 88
2 43 81
1 8
2 22 24
1 23
2 31 7
2 35 18
2 35 57
1 92
2 56 12
2 24 91
1 90
1 14
1 59
1 48
1 68
2 36 66
1 93
1 74
1 19
1 11
2 9 25
1 32
2 8 97
2 95 53
1 20
2 24 52
2 33 55
2 31 59
1 61
2 95 91
2 50 18
2 56 14
1 60
1 52
1 5
1 19
1 38
1 100
2 64 33
2 13 81
1 19
1 22
2 45 11
1 49
1 98
1 72
1 8
2 80 92
1 13
2 98 48
1 67
2 25 97
2 90 48
2 98 42
2 80 35
1 67
1 24
1 40
2 94 60
1 7
2 89 8
1 1
1 47
2 52 42
1 83
2 74 44
2 71 60
1 8
1 3
1 54
1 63
1 89
2 17 61
1 45
1 23
1 72
2 76 43
1 85
1 98
2 62 30
2 62 27
1 76
1 14
1 21
1 45
2 83 91
2 72 8
1 29
1 33
2 36 52
2 91 24
1 3
2 44 38
2 88 20
2 72 95
1 70
2 87 28
2 15 9
1 16
1 7
1 33
1 49
2 70 3
2 41 56
1 9
1 64
2 35 13
1 63
2 73 14
2 58 78
2 63 11
1 14
2 97 36
2 90 29
2 20 90
1 36
2 20 52
1 31
2 100 43
1 6
2 1 87
1 79
1 61
2 65 56
1 11
1 72
1 24
2 75 4
2 48 62
2 88 45
2 2 51
2 89 7
2 67 28
2 31 40
1 40
1 86
1 60
1 30
1 42
1 22
1 35
2 99 14
1 62
2 37 34
2 13 71
1 23
2 62 84
1 21
2 26 35
1 48
2 5 75
2 40 81
1 77
2 81 35
1 89
2 90 25
2 24 31
2 68 15
1 35
2 8 76
2 11 19
1 23
1 40
1 59
1 26
2 36 41
2 97 28
2 36 43
2 41 38
2 30 91
2 11 89
2 65 20
1 43
1 77
1 63
2 32 16
1 21
1 38
1 1
2 60 60
2 13 69
1 60
1 60
1 26
1 30
2 57 28
1 87
2 2 74
1 77
2 32 69
1 93
2 47 24
1 91
1 23
1 12
1 74
2 18 78
1 70
1 11
2 73 73
1 97
1 100
1 21
2 80 38
1 26
2 25 32
1 85
2 48 35
1 84
1 80
2 87 8
1 13
2 60 26
2 92 63
2 34 85
1 18
2 37 28
2 80 60
2 47 46
1 97
2 63 92
1 58
2 93 19
2 22 76
1 37
2 3 76
2 58 97
2 70 56
2 24 90
1 67
2 22 51
2 1 47
2 60 6
2 63 13
2 31 37
1 87
2 97 97
1 26
1 25
1 22
2 72 21
2 96 51
2 15 87
1 59
2 58 18
2 90 60
2 13 85
2 4 41
1 40
1 81
1 7
1 31
2 72 12
2 8 67
2 27 91
2 63 3
2 40 54
2 93 98
1 50
1 98
1 42
1 4
1 62
2 90 25
2 26 69
2 54 20
1 39
2 98 94
1 96
2 57 23
2 6 74
1 53
1 14
2 46 75
1 61
2 21 94
2 7 59
2 51 20
1 99
2 55 56
1 47
1 78
2 4 29
1 82
2 70 54
1 44
2 49 40
2 26 15
1 93
2 6 12
1 51
1 4
2 30 14
1 79
2 89 25
2 29 35
2 49 44
1 59
1 46
2 100 85
2 53 65
2 64 12
1 94
2 7 38
1 96
1 3
2 48 76
2 88 7
1 49
1 77
1 6
1 70
1 30
1 19
1 30
2 45 72
1 53
2 17 80
1 22
1 62
2 67 41
1 61
1 77
2 75 81
2 43 31
1 32
1 42
1 49
2 74 40
1 99
1 69
1 59
2 21 5
1 100
2 56 57
2 58 44
2 75 25
1 81
1 85
2 7 47
1 85
1 32
1 72
1 16
2 13 82
1 66
2 70 62
1 65
1 43
1 8
2 84 83
2 65 14
1 43
1 87
1 59
1 100
2 63 72
2 59 42
2 13 98
1 51
2 41 32
2 91 50
2 65 69
1 1
1 82
1 94
2 93 68
2 11 49
2 66 20
2 56 3
1 62
1 17
1 76
2 81 84
2 46 90
1 18
2 87 62
1 63
2 45 26
2 60 19
2 12 16
1 100
2 95 61
1 56
1 37
2 12 31
1 24
2 55 57
1 66
2 28 87
2 21 40
2 84 76
1 81
1 52
1 3
1 52
2 42 24
2 28 48
2 1 22
2 54 57
2 61 6
1 38
2 100 66
2 51 1
2 17 37
1 79
2 24 6
2 34 93
2 2 19
1 68
2 54 39
2 83 10
1 77
2 66 100
2 58 96
1 14
2 85 45
1 5
1 34
2 20 71
1 33
2 18 32
2 21 74
2 40 15
2 52 10
2 88 79
1 12
1 34
2 33 11
2 30 7
1 93
2 3 4
1 14
2 23 45
1 16
2 7 65
1 98
2 14 22
2 18 86
2 6 13
1 49
2 17 99
1 46
1 16
1 26
1 18
2 91 4
1 2
2 45 87
1 3
2 87 97
2 38 25
2 50 48
1 30
2 17 49
1 99
2 8 59
2 78 73
1 86
2 32 88
1 77
1 81
1 84
1 74
2 37 58
2 30 61
1 13
2 14 11
1 86
1 84
1 5
2 30 93
1 45
1 42
1 37
1 57
2 65 70
1 45
2 92 72
1 90
2 90 18
1 64
2 31 58
2 34 29
2 79 30
2 54 53
1 51
2 80 94
1 56
2 68 14
1 3
2 8 7
1 74
1 52
1 98
1 25
2 9 28
1 53
1 83
2 67 49
1 65
2 85 2
1 82
1 47
2 48 35
1 69
2 65 5
2 67 96
2 13 67
1 69
2 28 51
1 68
1 69
2 79 43
2 86 98
2 53 73
2 29 96
1 83
2 26 97
2 53 46
1 8
1 67
2 99 91
1 33
2 16 51
2 21 46
1 56
2 2 94
1 86
1 20
1 98
2 57 17
2 72 84
1 72
2 16 40
2 29 26
2 46 51
1 75
2 59 43
2 16 83
1 83
2 92 18
2 56 26
1 100
1 46
2 94 10
1 2
2 12 61
1 3
1 77
2 98 89
1 86
1 27
1 59
1 44
2 89 5
2 64 68
1 15
2 85 70
1 98
2 50 33
1 52
2 59 32
1 96
1 48
2 75 70
2 87 52
1 44
2 92 24
1 2
2 9 83
1 6
1 13
1 85
1 59
2 78 100
1 14
2 97 16
1 65
1 79
1 62
2 82 52
2 94 70
2 62 48
2 35 64
1 82
2 29 12
1 92
1 5
1 14
2 65 100
1 76
1 63
1 38
1 69
1 44
2 7 12
2 70 84
2 4 59
2 58 33
2 99 45
1 40
1 46
1 16
2 36 73
1 1
2 21 94
2 64 19
1 3
2 93 27
1 70
2 13 91
2 34 64
1 29
1 91
2 51 90
1 35
1 41
1 10
1 4
1 74
1 56
2 1 52
1 77
2 97 5
2 70 80
1 66
1 30
1 50
1 91
1 6
1 4
1 54
1 56
2 2 3
1 46
1 3
2 95 60
1 90
1 50
2 39 39
2 69 16
1 65
1 68
1 73
1 99
1 97
1 73
2 76 74
1 6
1 60
1 10
2 70 75
2 96 55
2 91 45
2 21 32
1 99
1 13
2 76 27
1 14
2 77 77
2 46 53
1 47
1 97
2 69 22
2 83 62
2 86 36
1 83
1 62
1 24
1 11
1 61
2 41 1
2 62 10
2 5 62
2 37 27
1 12
2 43 60
1 29
1 7
1 21
1 77
2 27 60
2 68 47
1 38
2 84 5
1 98
2 4 62
1 7
2 25 10
2 95 32
2 20 36
2 77 98
1 88
1 93
2 52 94
2 44 85
2 20 35
1 52
1 84
1 24
1 46
2 61 52
2 29 13
2 56 32
2 89 15
1 62
2 95 51
1 98
1 80
1 90
1 83
1 77
1 36
2 31 80
2 95 86
2 6 92
2 68 16
1 90
1 81
1 66
1 82
1 1
2 25 37
2 77 21
1 98
1 80
1 70
2 3 56
2 91 16
1 57
2 79 35
1 100
1 21
2 8 35
2 60 72
1 48
1 4
1 96
1 46
2 60 66
2 7 80
1 81
2 3 32
1 51
1 5
1 93
1 100
2 50 6
2 90 13
1 71
2 23 41
2 80 49
2 36 79
2 66 94
2 53 78
1 18
2 89 64
1 6
1 95
1 32
1 92
2 71 8
2 25 19
1 60
1 9
2 44 41
2 90 94
1 77
1 98
2 74 8
2 91 69
2 11 12
1 83
1 51
1 41
1 60
2 73 50
2 83 29
1 47
1 70
1 26
2 38 89
2 7 87
1 73
1 42
1 50
2 17 95
1 11
1 3
2 32 86
1 15
1 8
2 63 66
1 2
1 83
1 90
2 4 3
1 36
1 40
1 13
1 14
1 84
1 77
2 9 81
2 10 87
1 19
2 22 79
1 65
1 49
1 62
2 64 60
2 80 67
1 98
2 49 75
1 26
2 39 80
1 3
1 54
2 13 100
2 53 66
2 38 87
2 49 31
2 37 35
2 1 25
2 11 83
1 18
2 62 24
1 93
2 36 27
1 36
2 69 69
2 61 4
2 90 26
1 9
2 75 20
2 22 70
1 45
1 93
2 31 2
1 35
2 43 74
2 29 20
1 43
2 5 68
2 54 86
1 5
1 2
2 67 80
1 33
1 38
1 39
2 63 87
2 80 51
2 1 12
1 46
2 5 59
1 68
2 51 79
2 56 57
2 97 95
1 5
2 10 81
2 92 95
1 75
2 80 49
2 92 86
2 84 32
2 51 33
2 68 88
1 93
1 34
2 52 73
1 3
1 53
2 68 87
1 41
2 86 69
1 19
2 73 36
2 74 38
1 67
2 42 66
1 98
1 9
1 21
2 56 93
1 65
1 27
1 14
2 39 86
1 26
1 98
2 65 57
1 81
1 7
2 64 2
1 96
2 62 31
2 33 87
2 49 24
1 44
1 56
2 48 63
2 40 31
2 8 75
2 8 36
1 5
2 19 98
2 10 98
1 6
1 8
1 66
2 68 76
1 51
2 48 54
2 91 67
2 10 19
1 18
1 2
1 74
2 22 46
1 4
2 63 20
1 16
2 54 24
1 86
1 2
1 4
1 2
2 81 60
2 75 39
2 74 37
2 83 95
1 11
2 19 39
2 87 76
2 50 74
1 58
1 31
1 42
1 88
1 3
2 42 45
2 58 42
2 28 71
1 26
2 11 48
1 16
2 38 14
2 97 14
1 40
2 42 1
1 64
2 89 11
1 85
1 14
1 7
1 23
2 17 81
2 42 60
1 58
2 78 27
1 24
2 40 7
2 20 22
2 43 1
2 18 38
1 36
2 23 83
1 32
1 40
2 31 40
1 22
2 23 19
1 44
2 35 35
2 3 53
1 44
2 12 43
1 81
1 44
1 20
2 7 81
1 15
2 59 16
2 32 10
2 65 3
2 9 92
1 27
1 40
1 67
2 49 19
2 39 94
1 70
1 78
2 67 45
1 41
1 10
2 77 12
2 23 36
1 59
2 66 86
1 63
1 97
2 91 13
2 65 97
2 93 12
1 94
1 99
2 6 67
1 56
2 23 69
2 90 8
1 1
1 49
2 20 78
1 86
2 82 95
2 9 25
2 98 86
2 53 14
1 61
2 69 56
1 64
2 55 13
1 98
1 94
1 2
1 69
1 30
1 66
2 23 48
1 26
1 40
2 29 83
1 89
1 36
1 22
2 40 71
2 85 55
2 91 95
1 27
1 74
2 7 24
1 40
2 90 23
1 58
2 31 73
2 9 34
2 90 74
2 79 71
2 1 67
1 96
1 42
2 71 33
2 66 52
1 96
2 89 41
1 95
1 11
1 56
2 20 63
2 70 13
2 24 93
2 19 76
1 39
1 94
2 52 92
2 71 15
2 23 98
1 88
1 15
2 10 35
1 81
1 56
2 36 65
1 28
2 3 64
1 77
2 30 25
2 98 48
1 62
1 81
2 28 7
2 60 57
2 73 88
2 98 73
1 95
2 1 96
1 32
2 74 33
1 11
2 18 80
2 45 40
2 47 25
1 86
2 6 27
1 14
1 84
1 10
1 92
1 30
1 14
1 16
1 10
1 98
1 65
1 43
2 60 50
2 23 2
2 1 99
1 60
2 53 6
2 59 2
1 28
2 83 60
2 63 22
1 49
1 64
1 78
1 31
1 50
2 67 71
2 85 98
2 37 46
2 93 40
1 1
2 46 94
1 31
2 65 13
1 17
2 71 34
1 92
1 39
2 27 41
2 7 43
1 10
2 65 94
2 74 15
1 36
2 75 16
1 44
2 6 17
1 65
1 81
2 74 14
1 2
2 14 88
1 87
1 10
1 18
1 93
1 63
1 56
2 96 62
1 56
1 65
2 90 58
1 87
1 35
1 11
1 61
2 37 32
1 67
1 27
1 46
2 75 43
2 95 6
2 98 62
2 86 61
1 36
1 75
1 2
1 18
2 97 28
1 3
2 27 33
2 77 15
1 52
2 27 18
2 69 32
2 65 61
1 28
1 68
1 7
2 79 98
2 62 93
2 100 58
1 70
1 27
1 89
1 72
1 19
1 48
2 86 52
1 82
2 18 38
2 54 59
1 100
1 61
2 91 97
2 94 32
1 56
1 58
1 46
1 64
2 74 95
1 75
2 27 81
1 38
2 55 69
2 44 59
2 53 77
1 32
1 94
1 23
2 41 6
2 48 93
2 55 91
1 14
2 84 54
1 43
1 87
2 84 48
2 36 23
1 60
1 85
2 12 24
1 38
1 41
2 63 8
2 11 58
2 33 90
2 79 29
1 42
1 31
1 4
2 57 16
2 10 72
2 14 21
2 66 29
2 60 40
1 60
1 98
1 38
1 41
1 37
2 27 28
2 94 67
2 61 57
2 48 48
2 38 24
2 11 17
2 80 39
1 67
1 66
2 62 19
1 84
2 30 45
1 1
2 36 52
2 92 75
2 24 49
1 38
1 64
2 7 20
1 88
2 64 4
1 79
1 16
1 39
1 32
1 30
1 64
1 15
1 15
1 99
2 62 69
1 4
2 81 78
2 23 11
2 43 98
2 38 47
2 15 85
1 69
2 15 73
2 80 11
1 52
1 59
2 10 81
2 27 61
2 92 20
1 60
2 44 50
1 22
1 93
1 68
1 25
1 74
1 42
2 17 47
1 67
2 8 31
1 3
1 40
2 76 72
1 53
1 51
1 88
1 73
1 38
1 34
1 54
2 6 27
2 79 59
1 78
1 48
1 60
2 36 67
1 17
1 52
1 36
1 14
2 83 67
1 54
1 19
1 47
1 34
1 63
2 25 19
2 55 75
2 96 72
2 33 86
2 30 88
2 16 10
2 91 28
2 56 76
1 2
2 25 91
1 37
1 76
2 48 92
2 97 87
2 84 8
1 97
2 75 31
2 70 85
1 41
1 13
2 86 9
2 10 88
2 27 56
2 44 83
1 82
1 9
1 22
2 50 28
2 96 12
2 79 72
1 7
1 5
2 40 88
2 90 62
2 96 76
2 13 26
2 56 23
1 68
1 21
1 39
2 99 52
1 26
2 18 42
2 9 53
1 5
2 76 70
2 66 6
2 1 15
1 43
2 24 79
1 13
2 95 1
1 71
1 90
2 91 55
2 81 10
1 30
1 12
1 72
1 7
1 44
1 42
2 13 72
2 3 70
1 43
1 8
2 14 44
1 36
2 61 36
1 4
2 15 48
1 41
1 100
1 37
2 94 42
2 1 40
2 4 10
2 63 22
1 84
2 38 40
2 77 41
2 67 57
2 8 61
2 28 96
1 13
1 25
1 57
2 4 77
2 34 35
1 15
1 80
2 56 9
1 36
1 40
1 5
2 44 1
2 59 42
2 86 84
1 5
2 82 44
1 36
1 90
1 24
1 76
2 50 67
1 81
2 90 5
1 77
1 73
2 16 19
1 77
1 69
1 86
1 87
1 73
2 56 54
1 49
2 67 34
1 29
2 88 37
1 22
1 27
1 52
2 23 100
2 95 77
2 21 95
2 94 35
2 35 40
2 86 32
2 18 36
1 58
2 48 46
1 100
1 35
1 88
2 62 53
1 70
2 42 87
2 5 61
2 88 72
2 51 53
1 1
1 3
2 51 48
2 87 23
2 47 68
1 100
1 70
1 3
2 10 3
1 68
2 52 47
1 32
1 25
1 44
1 14
1 20
1 68
2 66 27
1 53
2 6 97
1 58
2 15 33
1 53
2 17 53
2 67 23
2 16 67
1 28
2 80 35
1 87
1 44
1 67
1 64
2 40 62
1 24
1 65
1 60
2 1 53
2 8 46
1 90
2 86 53
2 9 72
2 33 92
2 14 67
2 77 67
2 9 27
2 43 71
1 74
1 87
2 86 9
1 82
2 25 79
1 23
2 55 70
2 45 52
2 20 66
1 54
2 25 56
2 82 55
2 17 78
1 35
2 70 30
2 49 25
2 24 38
2 2 94
2 37 62
1 56
2 100 48
2 79 44
2 76 90
1 1
2 55 94
1 46
1 65
2 15 73
1 100
1 63
2 14 63
2 96 96
2 51 72
1 29
1 32
2 96 99
1 92
1 89
2 66 9
2 63 32
1 34
1 52
2 55 46
1 53
2 99 1
1 39
1 80
1 21
2 31 64
2 27 11
2 50 71
2 4 4
1 7
1 38
1 97
2 93 10
1 73
2 92 13
2 22 76
2 57 5
1 37
2 23 66
2 50 25
1 96
1 51
2 81 30
1 63
1 84
1 33
1 90
1 88
1 85
2 44 87
1 42
2 46 81
2 34 58
2 60 30
1 91
2 53 7
1 21
1 99
2 13 7
1 4
1 37
1 44
1 82
2 56 55
1 61
1 2
1 12
2 46 73
1 73
2 52 55
1 29
2 83 90
2 95 95
1 12
1 72
2 77 97
1 49
1 8
2 40 44
2 97 45
2 64 63
1 97
2 91 14
1 67
1 4
2 5 96
1 20
1 42
2 67 48
1 47
1 15
2 27 28
1 75
2 89 66
2 55 1
1 89
2 36 61
2 75 2
1 1
2 81 35
2 26 96
1 86
1 51
2 34 66
1 89
2 8 19
2 29 95
1 40
1 2
1 95
1 98
1 92
1 72
2 66 94
2 91 19
2 75 1
1 27
2 42 48
1 52
1 87
2 91 65
1 77
2 96 80
1 87
2 19 99
1 3
2 80 8
1 68
2 16 17
1 46
2 84 75
2 98 5
2 9 61
1 43
2 23 67
1 64
2 32 11
1 97
1 68
1 46
1 12
2 68 94
2 2 95
2 93 39
1 76
2 4 20
1 84
1 82
2 91 36
2 27 58
1 5
1 44
1 37
1 58
2 53 22
1 52
1 69
1 8
2 15 31
1 78
2 14 68
2 25 91
2 22 92
2 58 6
2 40 42
1 72
1 27
2 18 100
2 66 59
1 77
2 33 70
1 49
1 32
2 16 30
1 25
2 81 21
2 48 36
1 7
1 79
1 87
2 21 26
2 78 11
2 49 63
2 63 29
2 57 77
1 70
2 12 58
2 20 32
1 37
1 67
1 79
1 57
2 23 53
1 70
2 95 70
1 36
1 49
1 1
2 100 69
1 41
1 45
1 75
1 64
1 74
2 12 50
2 8 58
1 24
1 17
1 96
2 30 67
1 96
1 81
1 39
1 90
2 34 40
1 3
2 35 9
2 44 81
1 90
2 87 72
2 45 37
1 53
1 40
2 78 90
1 71
2 18 52
2 37 67
1 35
2 88 27
2 30 57
1 96
1 40
1 3
2 39 70
1 91
2 69 83
1 80
1 73
1 55
1 35
1 54
2 7 29
1 37
2 71 14
2 86 91
1 77
2 19 79
1 59
2 29 32
1 7
1 84
1 71
1 96
2 49 42
2 21 48
1 98
2 33 48
1 9
2 11 27
2 25 23
2 91 36
2 93 45
1 20
2 45 96
1 4
1 41
2 37 22
1 51
1 53
2 23 33
1 42
1 68
2 62 6
2 87 14
1 5
1 66
1 69
2 85 53
1 19
1 8
2 19 41
2 50 95
1 17
1 46
1 20
1 68
2 6 51
2 36 38
1 52
1 29
1 29
1 15
1 12
1 18
2 19 62
1 71
1 16
1 37
2 46 42
1 96
1 39
1 6
2 99 73
1 71
2 95 86
1 43
1 2
1 99
1 65
2 75 14
1 58
1 95
1 93
1 56
2 3 34
2 40 63
1 87
2 39 30
2 1 98
2 18 92
2 64 33
1 79
2 76 42
1 25
1 62
1 46
1 14
2 57 87
2 90 42
1 98
1 73
1 59
2 6 87
1 39
1 63
1 59
1 63
1 23
1 50
2 33 59
2 98 38
2 41 54
1 23
1 92
1 86
1 99
2 6 96
2 47 50
2 42 31
1 8
2 51 48
2 6 16
2 82 57
1 42
1 70
2 97 84
1 73
1 95
2 95 93
2 71 69
1 47
1 83
1 77
1 100
2 32 21
2 77 19
1 24
1 38
1 66
1 41
1 39
1 43
1 93
2 56 25
2 75 19
1 70
2 91 16
1 98
1 11
2 11 71
2 55 50
1 9
2 23 89
1 2
2 92 49
1 95
2 34 16
2 34 38
1 2
2 14 27
2 45 29
2 77 54
1 84
1 7
2 69 24
1 94
2 69 26
1 97
1 64
1 66
2 80 20
1 23
2 82 90
2 33 94
1 8
2 55 84
2 29 63
1 66
2 2 86
2 93 44
1 59
2 10 60
2 38 27
1 17
2 37 48
2 47 55
2 19 84
1 67
1 100
1 75
1 54
2 94 31
1 51
1 34
2 42 11
1 68
2 15 15
1 52
2 12 42
1 31
2 22 32
1 44
1 78
2 63 63
1 43
1 86
1 90
2 30 11
1 15
2 96 40
2 22 85
2 9 44
2 61 3
2 28 24
2 53 89
2 13 1
2 97 47
1 11
2 87 72
2 2 4
1 74
2 75 64
2 53 24
2 76 7
1 23
1 26
2 55 84
2 56 56
2 50 8
1 59
1 76
2 67 52
1 95
1 53
1 38
1 32
2 44 46
1 47
2 98 5
2 42 8
1 86
2 19 58
2 34 58
1 48
2 31 39
1 64
1 28
1 48
2 2 89
2 49 40
1 22
1 28
1 81
2 53 20
2 14 10
1 28
1 99
2 57 25
1 69
2 38 88
1 40
2 7 12
1 49
2 98 77
2 38 9
1 46
1 19
2 89 89
2 63 48
1 10
1 99
2 37 74
2 29 22
2 89 76
2 96 4
1 52
1 100
2 23 1
2 45 66
1 97
2 35 100
1 35
1 1
1 17
2 67 35
1 56
2 8 99
1 30
2 17 12
1 82
1 20
2 82 63
1 21
2 61 28
2 23 98
1 3
2 56 30
1 70
2 12 73
1 44
2 55 75
1 52
2 14 72
2 13 40
2 17 35
1 46
1 5
1 54
2 94 43
2 92 83
2 50 70
2 30 13
1 48
1 32
2 95 73
1 4
1 45
2 86 33
1 48
1 61
2 73 10
1 63
2 79 34
2 45 55
2 84 42
2 80 38
2 26 67
2 67 17
2 23 31
1 66
2 8 87
1 71
2 5 42
2 15 10
1 96
1 59
1 6
1 55
1 14
2 25 26
1 57
2 62 86
1 59
2 53 88
1 51
2 77 28
2 48 17
2 16 61
1 65
1 11
2 69 78
2 65 40
2 66 33
2 53 39
2 61 85
2 31 30
1 20
2 1 16
2 85 23
1 73
2 55 63
2 96 27
1 2
1 33
1 66
1 49
1 22
1 7
2 16 75
2 87 72
2 83 75
1 2
1 22
1 87
2 56 53
1 20
2 34 45
1 58
2 11 62
2 7 39
1 12
1 13
1 71
2 30 98
1 12
1 60
2 46 8
2 81 30
2 58 78
2 69 43
2 48 49
1 41
2 12 58
2 77 4
1 28
2 57 37
1 25
2 51 27
2 59 12
2 9 92
2 96 100
1 94
1 20
2 22 5
2 20 18
1 80
2 73 93
2 58 20
2 97 12
1 60
1 30
1 55
2 90 40
1 21
1 5
1 71
2 54 7
2 12 16
2 40 60
2 78 8
2 25 79
1 19
1 25
2 36 38
1 97
1 2
2 47 99
1 56
2 30 3
2 37 51
1 54
1 61
1 82
1 9
2 25 66
1 48
2 28 68
2 20 25
1 91
2 12 49
2 47 70
1 41
1 64
1 34
2 79 47
2 7 32
1 24
1 96
2 52 17
1 35
2 8 1
1 91
2 12 15
1 36
2 20 28
1 51
1 63
1 40
2 22 59
1 28
2 50 25
1 83
1 49
1 73
2 54 79
1 14
1 50
2 30 61
2 43 78
2 60 90
1 65
2 45 3
1 59
2 90 1
2 73 26
1 38
2 69 33
2 29 57
2 1 72
2 10 98
2 29 58
2 7 48
1 26
2 22 3
2 100 22
1 50
1 83
2 16 20
1 98
1 9
2 1 70
1 16
1 94
1 96
2 5 31
1 72
1 76
1 48
2 65 6
2 72 84
2 49 18
2 87 49
1 57
1 89
2 83 74
1 43
2 39 76
2 45 18
2 5 79
2 17 79
1 98
1 71
2 44 22
2 48 18
1 11
1 39
2 53 8
1 69
2 53 35
1 17
1 63
1 2
1 62
2 9 43
1 74
2 36 77
2 79 37
1 79
2 17 22
2 78 41
1 52
1 51
1 39
2 23 79
1 22
2 70 37
1 29
1 59
1 35
1 81
2 58 77
1 51
2 16 77
1 38
1 60
2 43 67
1 86
2 89 20
2 40 99
1 49
2 92 72
2 60 51
1 61
1 49
2 84 70
1 27
2 16 29
2 19 22
2 77 96
2 54 47
2 57 81
1 60
1 30
2 50 35
1 23
1 91
2 17 85
2 96 90
1 62
1 37
1 73
2 93 47
1 62
2 6 34
1 5
2 51 18
2 35 3
1 38
2 59 73
1 20
2 83 32
2 84 73
1 84
1 29
1 47
2 4 22
2 78 18
1 72
1 66
1 67
1 21
1 67
1 97
1 19
2 69 41
2 63 84
1 66
2 65 81
1 91
2 56 77
1 12
1 12
1 67
1 66
1 27
2 84 34
1 21
2 2 74
2 95 88
1 55
2 67 43
1 29
2 32 20
2 13 69
1 25
2 58 71
2 79 15
2 56 98
1 44
1 28
2 25 36
2 41 21
1 69
2 77 45
1 2
2 12 32
1 73
1 1
1 22
2 35 54
1 44
1 34
2 92 63
1 27
2 48 4
1 90
1 1
2 5 76
1 46
1 30
1 81
1 97
2 3 22
1 62
1 41
1 14
1 69
2 62 75
2 42 44
1 4
2 16 43
1 32
2 32 13
2 17 31
1 70
2 31 61
2 47 17
2 62 82
2 61 24
2 50 37
2 34 90
1 76
2 30 48
1 22
1 71
2 35 15
1 91
2 91 66
1 82
2 7 60
1 21
1 73
2 30 12
1 55
2 60 95
1 23
2 13 65
2 20 86
1 66
2 48 24
1 76
1 20
1 14
1 61
1 87
1 79
1 10
1 39
1 67
2 68 85
2 83 38
2 36 15
1 83
2 48 70
1 97
1 28
1 99
1 94
2 85 30
2 96 38
1 63
1 59
2 43 60
2 97 45
1 25
2 65 91
1 1
1 75
2 92 54
2 3 20
2 99 60
2 67 54
1 77
1 30
2 62 39
2 41 59
1 54
1 1
2 5 71
1 59
1 86
1 19
1 14
1 26
2 30 54
2 60 59
1 23
1 40
1 35
2 14 58
2 32 50
1 36
2 94 94
2 87 100
2 11 12
1 34
2 97 13
2 54 82
1 59
2 71 90
1 18
1 6
1 60
1 79
2 38 33
1 1
2 27 94
2 71 48
1 14
1 30
1 64
1 63
2 81 11
1 34
2 84 79
1 28
