149
114
310
68
173
185
180
131
224
168
34
134
80
79
115
176
198
115
93
204
126
0
56
299
65
149
244
60
48
192
104
162
115
110
22
177
82
162
129
46
223
54
185
213
154
100
116
193
144
143
47
156
260
26
41
45
202
75
209
340
186
315
164
142
217
41
133
154
191
77
66
251
234
216
71
75
78
105
129
88
172
86
188
113
85
146
202
155
71
131
66
239
11
176
119
177
68
186
88
108
117
74
71
218
186
103
105
131
301
22
181
26
138
51
130
121
165
72
144
41
178
81
109
102
129
99
175
48
67
52
248
208
159
43
180
74
74
120
82
143
151
262
140
151
99
44
140
77
14
58
180
59
93
55
52
133
69
81
188
137
273
15
146
31
168
79
131
145
230
111
101
172
50
60
178
248
187
173
115
141
209
87
132
135
175
80
277
106
169
80
56
162
122
127
143
114
62
55
119
114
263
62
49
45
121
141
144
30
95
157
87
168
185
60
78
222
70
239
103
61
103
152
77
161
55
136
212
201
89
58
243
139
178
101
172
105
154
220
75
44
115
231
82
152
117
183
104
194
149
216
86
188
151
280
103
103
157
117
97
43
147
135
47
129
160
152
142
124
128
283
169
105
101
173
274
248
65
63
180
75
74
116
77
68
27
22
69
239
91
78
175
80
88
153
167
84
151
42
119
73
140
180
153
88
118
88
250
301
191
245
108
42
198
95
52
234
171
174
168
57
144
169
126
166
155
129
124
75
89
74
154
75
212
50
267
68
318
270
159
57
132
191
88
79
83
196
180
232
195
66
115
50
25
130
199
158
131
255
98
119
130
81
164
155
126
185
106
187
72
29
174
106
105
150
206
181
77
123
88
54
138
234
202
76
186
102
340
313
24
110
189
146
161
172
179
48
238
106
221
66
59
171
97
48
79
191
99
112
99
169
109
75
172
104
228
142
223
12
101
85
172
137
132
183
123
131
21
156
145
64
88
142
137
102
27
175
58
223
146
161
107
138
170
155
63
52
151
174
73
268
310
119
31
33
49
272
48
156
366
105
34
182
87
56
97
123
134
131
98
189
65
262
153
112
81
75
258
40
161
114
77
79
241
103
296
103
181
146
160
102
112
30
181
48
10
118
111
37
112
119
305
163
98
113
146
123
177
46
103
44
131
252
181
180
116
139
187
58
156
213
84
74
142
192
74
68
180
256
29
121
46
147
185
116
36
169
147
87
236
250
209
377
171
213
188
120
163
84
78
85
188
115
60
74
278
163
170
85
153
162
153
35
69
115
69
291
265
155
178
73
200
155
156
187
125
133
220
79
107
105
70
173
98
88
189
139
210
212
72
36
149
131
119
135
298
74
206
177
237
111
163
190
60
46
264
83
157
311
187
136
206
91
75
204
90
80
170
87
267
141
91
7
114
86
294
164
170
83
225
139
139
86
89
110
250
58
146
37
216
73
114
10
107
71
85
101
158
31
70
95
159
120
43
161
102
80
213
93
243
150
41
120
99
72
102
165
34
38
67
141
52
137
280
30
115
129
20
162
40
138
121
80
77
123
77
20
68
57
26
194
149
139
103
158
15
53
70
120
175
114
155
86
83
240
129
138
96
145
86
190
232
108
142
101
207
229
248
78
156
108
181
69
103
260
231
259
69
152
98
130
293
151
33
223
251
134
170
104
45
152
263
103
60
102
222
54
227
188
92
101
104
74
101
334
126
104
190
109
180
71
103
56
34
203
186
147
161
84
65
301
131
132
162
109
136
89
171
151
133
41
266
142
208
302
351
57
153
252
183
60
148
95
194
60
108
142
102
69
152
180
86
74
78
125
82
102
139
122
54
186
40
163
76
149
114
177
105
267
125
36
300
109
156
154
106
67
93
19
179
79
175
73
88
75
61
88
102
177
179
231
102
171
229
122
169
126
225
80
154
265
46
171
121
47
42
220
220
48
136
136
151
53
128
53
148
277
95
57
24
105
93
48
22
25
71
316
223
267
90
150
161
156
258
78
131
91
123
149
142
339
113
271
123
221
115
118
114
33
179
218
118
61
230
2
102
78
144
176
166
196
62
159
83
266
114
56
135
151
59
182
160
78
121
207
109
238
140
105
43
57
219
11
89
88
148
130
163
189
57
93
60
126
72
157
133
122
34
144
336
91
134
159
210
40
123
58
61
149
248
85
212
222
132
217
150
97
146
131
286
246
38
84
143
73
66
145
143
175
155
199
123
80
123
181
149
239
61
53
269
168
95
200
170
191
300
34
144
71
146
68
65
121
125
135
10
92
324
165
128
78
162
100
165
138
26
186
249
131
134
102
167
32
88
183
117
105
131
282
60
65
73
95
53
136
310
230
181
71
35
163
66
187
14
53
76
128
290
185
153
92
34
117
121
201
190
239
99
71
69
70
85
175
166
168
65
199
154
123
18
151
215
125
55
112
188
50
167
330
217
36
183
127
172
115
164
146
126
65
248
20
101
72
124
168
49
140
182
224
92
149
131
57
61
140
86
112
123
181
108
153
80
168
111
151
134
160
105
234
168
91
109
144
218
177
197
26
33
357
52
187
229
129
134
225
118
152
206
41
143
122
108
217
187
220
144
183
249
153
68
11
68
198
52
41
17
187
51
268
291
62
181
154
182
66
133
216
343
79
94
38
93
91
186
78
75
97
96
142
43
72
116
157
198
338
77
193
243
45
90
130
177
143
143
24
181
63
93
46
122
155
171
134
109
118
28
130
65
267
120
150
45
154
120
82
156
144
38
150
137
72
44
183
58
249
149
27
151
316
119
314
96
115
87
58
178
170
177
147
66
74
87
138
141
37
114
134
112
81
322
84
203
50
87
240
162
66
220
197
55
197
88
71
93
57
117
154
232
122
254
153
139
176
224
322
99
154
70
53
148
209
126
146
92
152
134
108
344
114
170
174
226
122
144
119
284
75
119
183
159
10
127
198
253
197
172
178
176
176
201
139
43
101
143
248
109
147
73
76
66
53
55
193
35
172
56
106
115
144
72
88
198
100
188
155
95
100
49
51
70
153
123
96
142
133
131
196
26
46
160
102
97
171
142
49
308
100
145
27
160
127
141
233
284
300
87
145
54
122
82
323
170
131
65
71
230
147
57
31
125
199
145
113
119
126
49
115
170
64
72
144
158
57
175
148
312
43
274
74
313
133
230
51
136
73
103
115
107
57
28
58
106
207
123
171
214
165
112
43
106
140
82
157
76
86
243
83
60
161
84
176
203
151
99
103
49
84
199
66
210
107
162
96
228
205
108
119
44
236
261
123
186
58
90
111
170
103
70
120
112
190
209
38
65
222
79
83
233
83
110
234
123
36
213
203
18
131
75
58
120
78
84
73
28
171
128
43
229
115
280
192
237
116
302
129
168
135
64
73
197
117
100
117
92
161
129
71
122
186
29
290
114
74
95
209
138
255
138
171
139
175
115
50
219
81
11
138
100
102
78
112
281
84
43
65
170
7
48
47
14
189
158
68
35
159
32
195
78
19
39
42
175
262
93
145
66
90
159
3
270
186
21
46
171
203
207
80
82
234
76
262
115
190
61
202
180
179
165
64
89
101
127
130
111
188
34
39
181
195
104
78
117
152
57
115
126
141
6
111
119
117
145
85
243
116
200
289
116
114
70
99
62
59
112
126
44
45
81
119
48
273
119
245
24
76
131
236
75
103
26
104
185
241
308
136
143
123
162
138
191
127
118
100
146
226
84
152
50
180
185
165
215
61
127
273
70
25
71
108
114
148
95
118
108
98
102
151
91
8
144
103
170
215
127
241
211
58
120
142
222
279
60
39
237
180
93
167
30
247
106
208
114
230
296
61
153
92
177
50
103
27
56
32
215
101
119
127
126
113
175
207
174
168
188
62
70
139
25
78
79
216
169
45
215
252
82
70
119
94
65
83
161
131
84
79
107
50
121
222
184
128
205
35
281
105
25
193
36
121
124
150
229
105
151
119
126
143
86
3
91
140
140
118
100
45
58
145
31
178
63
151
266
54
90
231
228
109
111
120
72
213
34
192
147
20
174
173
162
103
259
126
176
90
171
180
98
39
81
147
107
81
192
139
69
48
215
67
126
63
108
194
143
88
99
158
89
154
27
194
29
170
146
65
57
25
312
19
71
168
122
213
162
127
65
137
154
93
54
185
141
110
127
88
96
210
139
81
254
72
126
263
73
152
99
166
154
81
128
115
128
109
63
132
5
120
147
158
198
194
31
146
281
96
92
88
96
274
16
53
271
63
154
158
183
137
221
104
107
177
70
164
180
57
57
191
84
92
244
202
175
81
110
119
186
56
81
104
138
109
314
93
43
83
165
225
77
121
120
27
61
215
36
30
219
365
43
59
309
103
46
137
231
61
276
74
96
100
325
237
131
142
79
16
70
118
144
143
192
47
64
27
43
123
145
169
32
180
100
157
211
85
105
205
123
269
386
294
94
108
67
108
87
69
34
286
250
45
223
76
312
195
94
151
128
118
154
169
27
95
23
99
62
74
249
69
54
166
105
107
115
220
291
108
22
96
46
199
69
190
92
39
161
162
76
226
114
123
109
48
149
143
158
132
78
102
183
117
194
224
74
155
50
75
254
141
34
117
281
208
198
144
57
111
167
149
89
81
157
208
98
157
261
97
17
140
104
79
237
92
273
73
8
57
77
15
217
48
44
215
169
169
223
110
52
110
203
76
131
115
48
105
133
127
132
189
60
175
297
235
130
317
85
129
132
338
106
165
100
299
146
117
30
69
66
198
173
165
62
92
110
216
68
46
14
303
64
210
111
134
202
132
184
82
194
91
136
124
153
60
163
374
152
52
64
117
75
58
151
94
96
117
177
121
195
280
137
144
342
206
148
148
217
58
210
210
101
38
255
85
120
215
164
147
109
176
92
203
104
64
253
130
65
249
213
123
88
241
37
102
106
304
204
305
48
59
115
84
186
60
50
197
67
42
180
162
196
97
16
59
84
141
111
31
175
205
47
145
74
168
71
104
104
142
54
93
121
133
273
113
150
117
61
150
146
89
99
171
181
144
180
54
55
109
6
53
164
22
139
93
181
66
146
108
33
135
191
88
148
156
31
122
221
170
63
73
92
64
122
222
201
190
135
40
177
90
189
89
134
246
254
183
140
39
161
8
80
49
202
105
145
80
160
111
185
40
115
40
95
170
102
37
307
241
136
156
52
215
213
132
96
94
57
183
154
52
130
20
98
160
120
149
249
56
179
259
38
81
230
142
128
128
107
162
137
149
223
194
329
193
127
116
193
146
63
56
154
11
175
121
76
62
93
77
49
160
119
188
141
223
62
127
216
93
39
231
170
114
70
184
88
120
28
79
301
173
227
131
51
42
73
151
71
116
44
112
191
267
150
128
189
171
234
290
163
109
200
177
242
159
159
176
122
101
95
155
50
104
373
100
97
122
155
252
322
170
125
50
36
123
69
123
262
156
151
140
86
84
224
99
195
147
72
46
162
126
89
73
140
244
175
66
209
195
160
61
136
269
231
108
109
171
276
111
221
49
130
179
181
100
136
198
52
180
133
99
203
207
64
143
144
176
216
136
55
71
151
73
62
57
142
54
276
103
59
111
228
94
180
79
94
344
73
112
128
87
210
14
173
43
156
86
49
253
127
206
216
52
46
161
54
249
81
194
123
114
123
175
122
279
75
72
151
178
209
120
91
124
99
54
115
44
117
90
197
117
155
55
155
89
38
218
169
93
157
109
52
144
205
155
247
186
102
103
144
33
207
95
69
166
85
172
93
86
204
79
107
53
263
235
128
72
24
158
69
26
88
149
174
204
37
161
143
167
35
64
85
187
23
148
165
49
126
201
93
108
189
98
52
170
125
81
175
192
68
210
63
309
139
228
162
159
67
47
138
201
86
66
25
229
38
305
148
210
70
78
154
233
131
59
73
123
233
162
102
150
149
23
74
119
17
19
88
155
356
89
169
129
78
79
57
78
142
44
185
197
235
225
117
264
99
131
149
86
112
94
183
25
9
72
203
154
129
124
170
129
114
53
69
143
55
89
153
39
250
19
235
187
155
127
209
236
92
137
124
135
144
216
141
159
188
160
36
170
164
39
177
44
102
41
89
106
229
221
88
62
235
68
133
196
81
245
152
85
226
92
114
216
155
51
125
195
112
186
148
135
135
219
127
29
94
149
146
100
197
242
92
198
73
142
72
27
79
114
164
101
125
82
87
137
118
108
224
195
82
87
114
151
156
203
130
135
170
191
148
212
265
254
189
89
136
210
148
18
96
106
214
57
195
307
97
211
245
153
104
61
86
111
122
237
54
101
188
218
69
126
31
97
27
127
349
114
210
53
19
103
97
107
226
132
104
87
138
137
175
219
159
191
82
127
100
54
152
149
125
84
105
273
122
214
126
153
226
163
126
294
84
120
190
116
154
134
235
128
132
57
103
118
140
104
245
74
240
50
79
154
258
226
219
155
172
28
175
152
44
49
33
132
75
59
47
53
108
75
51
147
142
95
230
139
41
73
227
97
226
111
228
140
148
169
139
353
216
128
106
177
103
185
78
152
151
97
141
108
84
41
330
54
147
80
85
258
16
100
197
118
75
228
38
149
36
136
306
155
108
36
99
57
125
77
64
184
121
255
63
7
145
56
187
33
265
197
149
53
133
132
104
212
42
125
97
105
60
194
138
97
113
144
49
71
134
62
78
165
120
161
177
266
210
21
193
102
220
170
103
117
32
177
96
173
179
21
141
174
69
68
112
207
50
118
88
109
78
192
321
286
59
91
41
90
115
270
106
61
57
71
157
115
137
28
149
213
54
185
80
219
146
74
97
157
115
111
180
101
137
122
168
151
154
119
194
201
26
108
69
121
212
60
136
105
211
164
238
217
99
157
115
121
160
110
28
135
124
278
107
95
69
37
133
217
96
66
58
84
145
89
70
151
247
84
148
241
85
215
79
223
113
131
149
204
185
213
101
47
143
163
79
202
27
111
52
22
36
151
144
127
85
101
190
272
234
87
283
117
142
118
186
60
42
256
131
84
99
198
31
35
117
112
154
122
63
58
185
215
113
60
211
178
71
275
64
167
25
98
130
127
111
15
67
74
252
229
208
203
92
80
190
91
65
112
234
167
147
97
228
46
101
132
169
127
104
157
205
120
106
77
171
122
111
77
163
192
166
77
194
49
75
134
146
244
284
6
79
114
165
252
178
185
227
130
181
37
82
160
218
148
136
218
220
162
27
98
61
172
175
130
117
212
93
100
34
134
244
161
161
77
53
58
73
93
169
35
138
83
184
90
116
124
97
80
82
21
127
249
104
126
139
112
132
151
14
134
100
112
164
60
85
180
89
79
257
30
114
182
175
19
90
131
97
262
191
201
93
107
59
115
22
163
164
97
64
63
158
242
69
72
84
130
95
95
169
261
130
165
245
114
172
125
88
93
52
182
174
38
103
206
302
212
141
18
136
72
210
73
162
61
87
38
97
68
191
174
176
92
91
104
86
113
146
59
82
80
134
194
280
110
148
47
216
270
209
155
152
145
106
225
144
156
60
157
27
142
64
135
95
140
13
92
66
100
42
127
78
309
39
27
106
202
152
178
83
43
95
200
217
129
50
19
114
109
128
200
164
88
79
209
302
106
106
189
290
100
225
287
222
122
146
73
160
144
179
112
216
61
98
78
154
299
140
140
122
179
157
47
26
116
117
209
217
178
152
34
105
55
135
207
337
125
68
88
110
90
82
73
136
36
117
227
166
216
148
129
229
200
128
53
76
131
158
154
98
149
89
139
136
78
104
52
167
99
241
128
149
114
195
156
176
90
18
264
77
145
186
70
164
136
221
182
97
111
53
74
28
132
68
104
52
176
149
126
157
140
162
154
13
182
118
81
62
34
108
52
76
247
112
47
144
143
170
138
53
58
91
256
115
60
314
70
135
96
167
207
99
202
100
90
254
101
161
163
207
338
221
167
148
184
163
190
144
116
62
21
51
141
71
160
117
56
219
66
136
140
79
45
139
380
254
159
302
244
111
145
275
54
17
69
170
342
112
193
119
116
50
85
104
77
206
174
131
28
30
171
218
89
90
57
194
75
59
159
187
197
194
106
73
168
139
54
23
143
169
230
38
73
157
158
116
10
164
61
52
249
202
223
101
35
51
125
151
130
64
26
63
95
73
216
283
36
247
252
59
125
39
98
149
110
89
160
88
223
149
147
213
95
127
216
48
121
155
139
190
137
44
74
142
93
142
149
72
47
77
67
202
118
83
59
83
94
145
172
60
37
72
177
138
223
344
99
118
66
60
81
101
47
260
52
139
41
75
69
53
87
117
230
225
156
133
82
191
118
165
133
69
41
74
126
205
158
173
176
163
111
127
60
150
98
109
149
36
190
161
96
163
61
84
112
45
115
24
111
79
247
146
305
58
285
116
89
76
140
108
227
80
86
262
75
194
33
144
143
131
236
210
99
158
30
158
112
201
175
47
58
182
210
27
226
134
183
124
58
147
259
62
126
195
52
389
91
116
61
95
84
74
95
17
188
87
142
48
156
75
40
101
218
197
88
155
96
143
130
85
57
97
159
229
132
213
157
97
31
100
231
91
108
160
286
106
112
150
229
165
44
158
165
49
101
128
208
20
138
281
127
154
101
58
117
191
55
315
98
215
286
199
162
104
258
202
302
78
194
159
144
143
19
235
185
112
285
206
106
78
199
69
79
250
237
47
341
49
64
86
84
74
122
142
204
202
100
86
71
125
119
234
38
104
152
156
203
147
104
171
28
131
282
64
214
20
126
34
198
151
60
139
54
254
217
239
89
63
105
83
162
87
193
100
83
103
111
122
51
177
94
252
82
172
293
69
83
81
137
126
138
163
79
98
72
142
198
159
60
189
167
83
117
29
100
265
207
67
39
131
88
91
144
130
197
81
105
48
80
92
267
382
168
70
55
82
227
60
222
55
171
181
67
63
156
162
159
81
303
142
141
60
136
134
79
106
237
91
242
93
45
22
53
139
81
162
89
131
132
65
186
198
205
230
52
142
56
82
132
196
111
215
176
191
33
190
129
73
125
158
12
120
109
137
94
175
176
214
174
100
142
120
164
78
88
180
71
48
141
90
285
182
105
72
102
89
49
243
106
187
151
107
114
171
111
202
36
127
155
101
151
122
75
64
122
147
103
80
259
206
113
126
156
163
90
113
203
66
78
172
214
210
99
39
156
132
229
81
74
186
146
192
254
176
47
132
68
96
131
152
113
64
234
40
199
207
205
114
88
93
115
98
186
111
182
158
143
206
18
359
189
165
298
41
133
123
40
61
152
127
88
146
88
114
85
68
78
104
167
70
135
82
163
25
51
81
155
240
95
76
149
68
58
235
117
330
109
97
120
69
147
141
164
94
84
214
131
105
113
28
84
127
21
271
230
188
163
209
210
199
83
36
18
207
233
202
32
275
93
199
106
78
32
64
113
66
103
267
281
160
61
191
163
68
86
39
84
148
260
177
222
127
96
171
159
127
40
126
119
41
269
206
163
247
91
229
139
202
281
84
47
117
145
253
115
96
107
228
52
103
133
118
261
96
191
117
207
98
85
246
2
274
130
31
186
191
68
151
92
135
137
194
205
238
117
106
126
171
114
64
74
78
64
196
245
163
92
152
73
131
72
58
146
147
135
38
235
58
138
50
112
160
98
330
0
123
116
222
68
28
195
140
156
111
55
205
7
78
167
155
156
272
130
184
195
181
127
277
34
133
186
131
111
97
68
77
284
155
191
226
222
72
90
250
226
52
31
163
291
102
96
127
196
227
202
199
232
64
143
201
131
175
282
126
82
87
289
33
16
49
97
31
247
208
128
285
333
71
85
156
269
176
212
98
197
84
195
91
128
160
61
136
101
110
108
100
141
10
116
185
217
209
30
226
114
94
108
89
115
153
194
63
113
91
248
197
161
60
112
120
247
40
120
57
125
169
143
96
231
72
42
79
187
139
123
178
322
291
92
204
169
139
211
53
40
116
44
86
229
89
90
72
247
146
161
49
191
72
155
161
115
153
224
51
43
111
130
151
202
311
102
203
132
108
44
248
33
29
58
70
118
181
65
74
117
140
62
91
48
118
71
135
117
133
167
140
60
137
82
78
84
173
27
106
68
70
183
72
182
20
99
192
62
29
162
127
107
182
218
161
150
146
74
172
119
175
17
129
213
90
271
118
111
106
121
241
86
225
76
218
37
221
101
156
65
84
106
84
69
146
192
153
168
105
14
130
42
119
102
77
18
132
106
114
145
48
278
94
111
70
88
109
39
27
180
85
102
235
104
82
84
286
133
43
231
203
175
271
216
67
192
91
408
222
9
96
29
151
62
104
227
258
245
29
189
191
174
157
183
115
40
97
143
40
90
57
78
184
138
217
90
130
44
88
99
146
85
70
112
36
149
365
17
83
78
196
214
25
141
136
192
98
127
113
31
209
127
158
112
119
121
120
143
62
68
101
103
36
50
133
154
308
59
202
128
134
52
159
108
287
187
105
192
127
183
256
86
154
171
92
109
154
102
107
102
97
61
199
114
171
139
39
189
105
158
122
76
305
79
41
173
163
167
123
120
61
22
191
60
153
78
80
170
127
62
64
225
127
75
142
19
182
99
145
279
187
73
108
65
118
71
155
230
286
308
300
112
50
104
18
287
196
107
209
67
162
58
147
55
144
105
228
123
161
187
73
211
23
98
117
153
22
133
175
106
52
69
134
143
176
24
52
41
121
253
244
176
123
181
182
54
136
64
95
20
83
95
177
74
52
45
200
101
118
236
212
85
82
97
35
126
62
121
134
224
99
121
193
164
105
116
62
258
82
148
59
111
165
150
169
185
140
198
292
146
244
178
112
77
55
198
201
82
261
205
77
54
108
105
91
305
46
57
149
26
34
211
96
92
89
220
151
145
181
116
39
40
153
123
284
35
237
87
219
119
36
142
145
132
246
219
126
251
82
116
198
156
116
111
230
178
94
55
171
164
9
172
170
60
127
146
102
65
129
108
88
25
117
149
235
194
34
304
38
184
179
90
96
84
231
106
227
241
133
108
231
53
237
80
90
48
73
345
37
173
99
148
101
106
127
166
69
94
136
111
35
231
167
122
169
194
120
187
90
78
134
94
180
249
75
152
109
57
299
288
116
137
43
73
217
66
88
54
82
95
91
58
33
97
182
189
191
149
20
177
139
281
73
91
209
239
162
81
189
42
68
200
93
162
214
118
16
112
62
53
176
124
74
193
71
120
160
132
82
135
173
83
77
223
37
194
238
72
128
171
113
260
146
25
122
170
26
123
149
164
128
80
280
186
148
145
149
68
417
122
285
189
218
15
95
146
82
65
42
173
68
134
156
184
105
56
165
19
97
6
292
57
78
171
197
136
44
30
69
94
95
72
19
139
202
113
29
182
303
219
103
237
132
312
105
104
65
39
15
223
290
127
48
66
215
251
105
296
62
216
50
222
153
105
148
20
170
171
38
156
128
272
45
125
52
220
181
106
88
121
138
94
201
57
79
101
195
121
264
258
129
29
13
97
71
45
54
124
213
174
160
168
41
138
49
153
86
177
56
196
48
123
62
73
78
78
130
71
35
192
170
260
75
214
114
23
185
102
35
116
109
198
113
46
87
16
323
154
63
36
57
118
35
55
23
152
61
220
199
33
100
323
60
191
87
136
95
131
34
345
50
205
83
165
52
104
93
199
147
118
113
177
241
31
140
154
187
67
197
10
294
182
131
60
120
33
64
79
105
218
193
47
175
164
160
42
165
156
243
105
53
222
213
72
83
141
246
67
8
128
78
81
195
21
216
138
407
208
63
75
162
108
52
157
140
17
113
122
169
98
86
139
164
99
168
53
135
71
172
65
138
100
68
173
149
113
61
27
216
180
83
258
33
156
129
136
109
94
124
57
198
125
125
43
31
93
66
29
232
99
181
138
5
164
41
129
69
105
239
108
87
241
39
206
71
79
111
101
84
47
28
61
215
144
120
101
90
102
72
51
201
87
162
140
67
189
144
216
128
151
131
90
166
89
158
23
93
217
42
120
59
168
84
63
68
152
164
90
75
44
79
77
176
95
162
240
138
220
192
117
136
129
133
119
70
31
274
55
133
158
74
86
141
137
188
140
101
190
238
117
192
209
209
220
27
33
241
107
118
119
192
81
117
31
94
91
129
130
89
101
63
21
71
200
214
138
99
190
100
147
187
111
360
137
63
104
143
146
160
200
60
181
75
193
225
104
100
146
34
64
46
153
124
78
119
108
175
179
193
112
139
139
171
199
129
123
49
63
218
49
179
146
123
53
234
65
176
36
127
200
114
210
153
213
193
72
185
192
91
59
227
135
115
42
226
220
68
237
72
287
201
138
155
175
46
159
72
94
50
118
53
231
90
144
129
66
94
116
62
103
164
134
199
97
157
122
170
103
142
176
23
71
226
214
88
102
228
88
163
118
216
195
156
82
41
133
118
192
115
200
99
120
177
33
198
83
52
144
78
137
87
165
119
176
183
118
158
342
100
265
75
267
76
147
93
103
142
130
100
101
52
100
68
156
43
251
38
102
207
236
93
35
201
190
62
204
170
53
55
90
183
23
117
247
124
100
187
44
295
107
81
38
111
109
129
185
117
303
110
148
63
250
295
88
57
96
77
185
118
98
99
230
63
103
50
143
195
14
126
68
115
99
139
245
222
105
45
274
112
114
152
192
40
120
52
122
116
105
68
30
137
215
270
70
13
189
7
212
146
179
144
11
156
134
153
81
127
119
41
123
189
118
221
100
203
88
118
283
198
117
181
168
222
155
33
7
17
284
85
87
226
165
69
6
64
48
82
160
140
37
168
41
139
85
180
96
175
172
69
18
102
27
51
63
68
132
117
10
85
90
297
130
114
38
157
159
245
118
276
116
132
235
100
63
70
67
68
59
274
175
150
52
100
115
34
135
212
187
251
48
135
96
273
122
32
95
67
79
96
180
100
98
120
201
126
93
110
95
191
83
210
231
123
172
234
149
152
97
110
100
113
124
47
66
164
72
166
210
66
71
128
127
22
135
198
90
264
243
73
160
138
147
194
249
105
129
82
75
90
197
105
31
163
127
54
22
77
90
184
147
234
51
290
185
132
147
162
71
166
130
133
143
152
223
145
58
115
127
68
42
76
107
79
165
89
109
69
113
94
40
115
251
131
189
109
234
125
27
56
84
244
46
102
87
115
124
231
97
23
96
194
170
19
179
93
154
8
233
91
119
175
265
128
127
141
157
96
130
204
251
142
111
43
233
35
225
108
104
147
20
41
88
146
42
152
178
80
45
135
64
94
49
52
132
83
105
115
162
122
120
126
177
114
191
201
98
109
215
114
125
127
78
119
110
108
258
153
151
73
117
43
192
244
27
104
143
119
114
151
115
68
69
163
332
60
139
216
154
54
141
122
204
118
156
151
62
49
292
139
156
162
199
54
252
110
232
106
11
203
97
114
213
67
108
126
194
190
17
68
147
264
112
87
106
111
189
120
188
258
196
154
108
137
46
170
105
188
178
5
110
95
260
92
112
128
337
89
204
159
244
54
84
66
84
136
54
96
154
112
138
140
241
119
208
142
104
150
259
164
99
186
96
169
150
101
273
66
178
63
248
213
198
123
123
89
119
125
286
123
58
46
175
151
198
155
85
119
96
200
181
95
123
174
225
57
163
247
185
105
91
155
164
186
145
149
47
93
183
156
130
205
195
94
180
91
18
219
61
158
21
132
222
69
87
124
79
164
85
23
19
133
141
86
71
163
125
237
126
138
215
162
116
88
173
130
234
81
296
175
170
107
205
148
174
76
146
272
56
208
172
176
70
78
235
79
208
107
80
242
122
238
242
124
158
54
177
204
185
251
36
85
54
128
158
38
131
272
84
282
17
194
174
164
177
221
62
71
151
95
288
107
19
125
142
135
124
140
73
167
116
118
144
159
230
155
238
60
53
181
256
181
162
123
68
262
164
68
144
78
151
79
230
29
167
73
202
147
90
225
199
127
208
141
78
77
102
182
281
188
79
120
188
94
20
114
117
13
68
202
45
198
149
59
200
175
371
211
56
28
238
143
232
73
47
115
237
186
77
196
105
77
128
215
250
266
44
234
246
112
108
170
358
127
175
110
30
175
128
37
87
210
101
264
155
7
266
282
137
8
184
258
217
184
204
171
90
104
104
74
47
247
122
141
215
83
204
96
204
73
56
245
199
96
87
218
135
191
134
121
103
39
78
53
348
222
92
274
128
65
177
143
258
199
145
60
276
125
157
203
93
98
279
193
73
290
191
47
37
118
192
123
93
92
53
125
52
176
65
165
128
101
178
201
217
87
95
126
190
108
264
135
33
219
212
50
94
138
172
103
49
57
192
208
167
225
62
168
55
129
138
205
29
177
88
27
236
152
110
157
118
167
63
140
129
165
129
181
92
205
186
53
223
220
238
191
96
146
187
116
112
199
167
122
221
165
46
219
183
182
174
114
225
65
112
227
236
179
148
92
130
77
235
304
107
118
179
170
92
80
184
127
195
127
159
326
285
77
101
134
76
233
187
40
314
118
80
25
159
85
26
135
84
195
48
46
88
34
21
154
116
70
83
248
235
195
98
106
199
164
55
121
122
44
115
117
20
78
196
129
192
39
116
98
136
65
60
130
240
47
155
38
159
94
89
67
153
186
75
369
76
39
88
175
117
37
58
51
220
159
52
110
104
182
162
76
170
97
155
167
82
84
146
135
23
153
162
108
106
90
68
126
146
203
194
130
36
224
130
162
66
66
237
118
107
177
102
159
187
204
107
189
100
83
207
129
62
163
100
154
140
47
167
194
175
186
141
171
102
40
64
139
138
76
41
49
96
142
145
82
125
151
80
98
273
138
114
240
125
44
220
97
187
132
80
51
187
93
254
275
265
120
107
85
110
193
178
36
106
172
119
203
188
137
61
153
39
88
124
80
67
263
85
96
43
45
113
114
62
83
189
238
123
49
147
255
83
113
219
184
82
270
108
110
87
202
254
238
167
54
225
231
47
252
139
124
300
133
186
29
13
110
167
65
46
166
187
250
87
94
204
160
63
111
28
117
203
67
122
211
51
124
57
195
49
89
263
275
152
35
96
102
87
130
233
47
105
130
190
129
126
40
168
182
96
34
199
112
125
261
42
204
25
164
128
68
78
170
37
61
139
194
160
188
139
117
129
249
107
129
154
54
243
138
71
77
23
81
72
125
148
88
77
170
236
104
221
86
158
65
202
76
142
100
94
157
209
166
131
165
281
23
43
74
110
88
149
44
216
33
61
50
106
150
165
149
38
134
277
40
92
120
43
67
135
75
176
143
51
105
165
149
138
243
195
78
178
191
133
72
17
221
198
181
217
284
41
182
90
257
146
143
139
68
71
112
204
108
104
110
61
146
86
40
80
224
92
97
112
87
184
226
99
56
66
90
126
19
157
159
154
158
334
81
119
124
94
128
277
49
213
203
263
54
175
180
97
206
97
228
157
207
105
238
153
98
113
10
63
326
195
148
131
24
62
169
141
141
107
140
88
120
51
223
118
91
167
126
92
77
94
94
93
42
141
401
57
233
263
176
83
98
148
179
162
24
101
92
150
77
129
113
15
30
187
218
169
61
61
200
127
151
98
81
25
254
72
107
84
140
141
91
61
131
261
118
180
64
87
122
116
185
150
217
109
223
177
89
177
179
49
181
134
66
204
98
156
81
185
120
265
11
200
16
123
99
119
127
22
102
73
27
119
189
305
284
217
42
38
75
125
135
77
100
133
130
116
155
74
24
138
214
84
143
62
221
129
56
126
122
74
224
253
152
299
314
299
168
242
57
96
96
49
180
141
91
132
147
114
140
131
86
117
177
197
113
23
108
83
214
211
96
149
100
154
84
129
95
112
101
70
89
155
112
235
39
162
145
93
152
119
85
47
140
128
206
220
134
121
181
90
36
55
72
37
82
288
195
109
161
81
234
96
122
119
134
144
140
168
145
55
92
94
146
350
94
126
12
73
198
128
324
209
88
99
219
170
216
179
46
137
154
101
96
108
24
71
131
199
212
106
204
132
74
105
259
262
308
210
151
54
218
155
233
93
174
79
136
95
87
85
127
41
254
116
92
30
162
159
71
39
153
113
49
162
135
119
85
197
188
146
270
25
79
54
45
85
116
139
56
123
213
48
100
88
181
145
89
116
125
73
92
105
175
49
49
118
131
134
106
41
162
88
194
134
233
188
131
136
248
136
232
42
254
43
128
23
145
115
175
153
99
81
90
65
135
128
137
51
48
92
208
205
169
135
112
147
138
128
142
159
62
41
54
106
155
237
16
155
91
92
280
206
189
214
70
175
186
91
110
92
47
42
43
134
161
63
192
178
47
103
114
129
108
214
166
81
150
148
229
140
131
96
145
25
76
146
23
151
91
129
185
133
235
49
146
29
89
176
426
83
99
242
16
105
56
212
198
90
178
57
86
262
72
84
164
185
152
243
255
29
301
165
75
110
169
111
186
129
140
138
197
54
158
96
116
106
107
69
164
240
87
91
53
169
126
218
307
231
74
192
188
173
129
229
183
127
222
163
120
120
121
196
174
69
171
154
107
54
72
198
177
100
138
248
274
137
187
150
103
45
140
79
49
120
216
173
144
143
195
232
135
29
85
210
24
113
53
313
154
209
86
187
255
191
30
176
239
252
322
101
215
83
301
118
155
141
260
226
100
181
127
179
187
98
71
44
204
175
41
94
292
140
118
196
135
115
96
162
104
27
43
67
341
118
121
99
103
205
240
49
25
120
152
200
106
83
162
52
74
275
182
192
99
171
45
305
102
86
106
52
67
85
110
75
190
146
155
176
79
86
131
69
83
196
351
158
107
101
114
28
169
98
209
93
47
118
78
71
281
130
100
26
107
213
89
47
114
299
70
74
125
270
20
393
126
157
58
171
197
144
146
48
178
224
223
32
148
228
41
196
122
112
206
177
288
128
128
89
187
529
213
169
210
34
92
87
191
74
191
40
66
128
120
101
62
226
195
136
310
17
127
22
203
64
186
142
54
213
75
155
134
53
135
76
137
144
24
108
126
213
66
52
101
144
276
135
120
308
47
45
212
151
195
127
239
50
219
147
102
173
158
83
88
179
31
293
163
184
161
8
193
161
107
94
171
194
53
201
100
159
308
192
157
136
214
86
136
35
120
69
34
111
347
47
49
107
203
31
43
36
47
51
137
216
257
223
95
41
182
297
172
133
144
126
91
123
81
182
68
132
434
136
229
225
118
74
11
115
252
210
137
172
148
33
281
105
107
281
37
109
61
77
68
207
129
91
128
56
161
45
133
107
65
76
59
124
67
210
87
105
53
146
118
254
187
61
216
110
164
57
242
308
197
78
71
30
154
168
43
135
143
201
58
77
96
106
116
94
56
79
64
73
250
265
86
172
91
128
88
102
278
192
212
242
154
124
68
128
137
86
132
115
43
140
74
174
93
178
73
63
110
175
131
100
96
206
53
92
117
108
73
109
200
119
229
87
296
115
193
90
236
48
162
64
149
77
233
347
132
144
93
58
171
64
94
78
123
247
47
124
213
64
129
122
164
22
278
85
212
63
200
47
151
173
165
50
186
32
154
96
184
135
284
108
86
195
157
25
122
98
278
63
48
116
159
149
80
97
92
119
98
94
208
185
142
136
81
70
101
232
110
70
294
235
120
89
85
99
203
130
164
183
178
28
48
117
17
402
222
209
128
237
252
213
81
178
77
63
160
189
125
165
151
130
205
194
46
174
115
227
38
157
93
94
209
413
117
93
170
102
46
175
184
82
110
105
41
96
152
139
140
48
159
313
141
132
69
100
85
61
91
163
178
103
71
80
34
223
151
123
193
69
35
45
159
47
80
79
140
113
80
94
203
190
126
102
249
243
171
250
254
83
202
128
104
32
132
154
79
159
149
69
118
91
64
297
214
334
144
310
158
160
174
86
238
182
151
61
81
165
122
185
48
124
134
194
94
103
156
58
326
128
99
217
107
152
52
102
223
31
113
61
143
171
184
207
108
86
106
87
134
194
68
37
108
98
56
260
106
138
166
40
132
202
169
73
80
149
105
129
72
231
87
54
208
176
125
211
135
55
71
101
126
33
161
189
92
68
56
145
234
177
153
42
225
238
74
141
163
289
228
159
49
59
216
113
97
159
226
34
171
63
83
171
34
66
135
57
296
87
108
110
57
57
151
206
41
106
165
178
158
47
54
35
202
74
78
181
185
126
105
62
64
275
141
246
117
48
20
155
312
169
64
82
257
175
134
78
132
171
141
21
53
238
64
84
94
194
51
92
127
89
117
77
313
222
37
124
111
32
22
112
240
79
32
168
263
96
187
152
109
64
166
125
84
71
60
15
186
161
158
209
104
216
102
138
58
123
79
108
53
223
48
152
86
162
142
83
203
183
114
128
55
89
255
157
91
116
70
129
223
94
23
65
144
131
177
240
85
63
214
49
48
134
47
186
128
185
175
81
271
240
90
236
275
140
229
119
118
87
112
148
232
141
92
122
198
109
148
43
129
90
114
127
140
50
80
117
78
46
91
118
189
198
242
18
121
231
72
163
51
107
67
208
98
175
241
73
30
266
277
151
178
22
203
244
59
27
351
214
161
104
210
77
62
145
112
165
199
184
61
155
52
229
112
104
65
121
105
71
173
145
55
140
124
109
163
190
168
166
124
114
200
137
92
120
118
26
109
54
137
231
88
80
267
104
42
52
86
267
116
111
115
102
120
154
167
219
62
52
208
188
50
167
151
194
81
112
197
147
111
170
102
28
112
109
94
71
275
132
111
69
79
57
135
113
223
56
48
303
123
112
65
141
30
194
52
8
330
129
81
185
289
126
133
162
105
69
83
86
193
226
140
151
231
152
170
70
100
144
76
138
68
148
157
90
37
58
75
124
100
168
91
47
73
130
15
56
92
142
129
71
83
116
170
146
54
58
125
103
116
136
193
170
37
157
160
90
235
166
208
216
117
62
136
296
202
147
150
16
81
157
71
94
79
25
66
80
34
28
197
170
63
60
77
79
295
113
181
121
150
83
179
155
75
118
87
99
67
58
185
115
170
155
84
104
183
274
84
73
259
139
128
84
243
148
169
251
96
218
237
184
184
44
212
171
138
150
115
127
103
27
99
58
149
265
98
206
71
85
77
142
22
93
102
214
120
60
273
154
51
41
206
25
233
64
144
89
152
64
148
97
65
77
70
155
155
206
203
279
55
56
27
200
177
99
201
123
95
54
181
24
197
149
133
56
33
236
114
191
106
117
196
38
154
108
227
189
128
194
309
159
157
186
115
165
202
144
104
74
206
323
17
155
34
113
126
103
135
123
88
222
86
37
296
282
161
137
297
93
120
179
130
243
93
57
297
84
118
158
164
94
105
252
92
76
222
96
222
71
96
89
67
63
26
124
86
113
97
107
155
76
142
68
188
123
201
168
187
90
160
200
48
142
103
99
183
72
40
76
67
117
50
279
197
198
40
15
137
112
89
183
186
160
117
78
168
174
155
94
60
200
160
300
104
260
93
211
150
148
87
253
56
110
40
79
124
139
321
170
183
157
146
118
216
149
103
255
214
218
130
69
104
124
138
169
47
191
151
137
68
148
33
26
56
115
168
179
102
81
137
166
119
135
187
140
46
96
130
158
32
89
187
112
80
75
134
134
69
60
88
180
90
126
452
157
69
120
51
233
250
202
78
39
83
119
82
81
111
72
187
169
125
123
94
111
15
296
128
51
92
171
141
90
85
11
48
88
63
89
158
58
144
17
133
97
70
55
154
14
190
209
24
119
140
60
49
120
55
118
248
148
55
94
68
142
76
81
29
296
74
220
104
75
176
49
109
133
247
16
202
121
78
98
90
52
122
89
147
192
71
125
28
105
140
152
109
195
132
175
148
102
145
166
160
93
167
211
242
139
189
137
145
87
25
170
22
175
143
158
71
72
150
88
40
49
145
28
222
153
44
65
46
14
175
18
173
147
138
112
114
141
129
161
136
268
130
170
118
172
94
88
74
67
139
116
123
195
142
2
31
28
162
268
202
205
171
60
114
114
170
250
196
132
214
296
52
43
94
67
154
80
234
121
100
176
132
117
106
39
123
195
10
86
53
291
83
224
100
94
92
85
132
117
189
91
160
82
67
8
134
233
204
301
43
203
208
65
159
66
70
70
202
98
54
90
170
180
57
149
127
138
235
44
145
191
157
252
57
117
61
218
189
39
118
176
50
196
61
98
23
303
290
71
61
134
172
216
161
35
48
25
219
76
25
142
302
98
77
130
276
24
62
38
31
109
141
71
109
332
169
124
73
155
135
121
50
233
97
171
35
133
39
130
145
205
168
15
139
111
10
76
58
159
68
78
284
36
151
87
105
184
189
177
61
145
37
156
114
161
99
116
214
55
122
89
127
233
40
51
107
83
47
184
213
98
97
236
63
56
144
207
52
150
89
85
196
228
79
89
67
174
134
188
109
38
193
111
50
151
229
247
18
104
40
161
34
191
64
149
89
75
268
61
73
91
167
138
107
252
240
105
93
154
98
142
74
335
292
203
48
59
117
194
119
76
261
395
232
107
211
85
118
187
204
152
163
276
150
206
20
98
146
92
217
79
150
118
84
59
90
158
194
122
122
261
89
84
144
174
251
178
32
234
123
238
167
62
182
113
166
66
195
228
164
127
124
135
55
229
149
78
44
181
9
77
139
172
195
298
120
25
106
29
24
64
30
198
300
94
121
83
75
71
44
146
160
70
351
207
107
248
105
167
91
208
48
209
129
123
103
100
22
115
125
235
169
181
217
134
79
183
80
189
178
176
42
192
119
150
157
108
36
43
98
160
178
62
150
225
105
312
250
114
120
109
79
43
201
113
20
70
257
127
50
93
147
115
163
106
140
163
96
91
44
90
214
191
98
207
173
44
107
122
33
207
134
101
143
127
146
181
167
235
186
192
73
240
115
168
228
141
209
56
143
9
111
130
105
37
243
304
28
56
52
97
165
219
206
137
102
91
213
164
164
137
55
81
79
223
53
289
233
27
284
1
111
48
142
61
36
67
43
278
156
74
152
120
156
232
69
128
50
279
42
120
41
190
162
206
30
159
53
154
140
139
71
227
81
126
123
201
58
77
275
96
140
130
303
126
307
225
40
53
123
71
184
25
136
69
142
78
152
30
82
184
103
205
15
178
195
84
201
47
52
80
246
239
131
52
160
132
68
143
39
164
79
84
47
135
165
163
66
109
257
233
100
109
117
40
68
242
77
59
164
198
70
78
95
168
68
182
58
120
49
139
99
182
146
156
187
85
51
237
139
165
173
98
91
42
178
144
84
224
45
139
66
261
129
70
216
230
166
231
59
153
141
151
60
115
131
72
68
88
222
26
56
48
67
93
206
121
149
79
93
30
140
249
142
53
159
224
187
163
171
105
162
126
141
73
71
216
81
92
72
149
52
99
177
89
203
141
104
15
156
187
260
140
80
104
105
261
128
184
41
138
175
205
84
147
45
321
171
108
136
24
319
121
219
166
252
61
154
125
104
117
156
13
162
142
65
97
178
174
73
231
94
123
156
15
84
82
146
161
34
193
64
146
110
165
194
127
378
164
153
347
80
24
75
145
43
124
211
18
31
200
300
227
209
88
206
41
285
70
145
180
108
193
105
90
48
179
293
117
63
68
70
121
143
34
182
295
26
131
81
239
158
49
195
93
137
126
235
105
56
210
238
53
251
104
25
231
190
253
77
256
108
229
156
218
114
151
218
189
120
81
424
35
104
29
226
161
88
207
158
133
125
58
176
99
174
95
171
64
105
64
179
233
274
91
174
76
192
198
204
112
170
76
57
222
158
129
164
134
105
205
203
247
38
145
22
174
44
120
153
156
215
256
55
282
215
151
146
173
55
56
54
38
297
93
199
176
131
140
196
49
81
21
188
17
161
249
126
213
121
153
86
92
184
162
93
92
252
69
127
66
43
71
121
63
81
107
87
123
129
191
212
202
247
153
188
66
62
108
44
100
95
95
112
228
220
20
161
67
77
157
89
139
74
71
91
270
191
130
171
240
101
133
187
168
115
22
52
71
39
70
33
153
204
174
202
210
83
48
52
225
233
100
103
52
129
89
34
75
60
70
98
82
98
105
61
191
342
187
163
161
98
71
42
182
48
19
124
19
100
48
147
225
154
232
213
204
154
93
147
205
134
122
189
125
87
289
133
78
126
68
148
181
224
71
39
218
60
87
30
60
120
137
120
124
202
115
89
118
157
125
215
46
85
56
188
33
153
121
149
64
135
58
100
180
297
181
96
80
150
200
232
115
27
132
57
95
158
213
13
69
155
8
140
53
71
102
204
149
109
105
102
89
185
82
317
55
152
195
150
177
82
282
115
64
79
90
51
66
80
288
88
212
182
15
28
58
87
145
287
216
21
45
27
39
84
143
217
150
140
53
119
125
132
44
117
75
136
248
140
44
189
139
176
83
108
138
235
202
61
72
226
72
60
33
49
9
36
77
52
223
35
11
63
174
158
86
104
156
139
143
66
224
74
73
57
113
211
214
262
125
110
111
101
120
91
115
97
78
174
180
107
216
68
173
77
111
67
54
192
204
66
156
138
133
59
57
23
214
75
237
72
174
67
86
134
251
174
35
143
42
22
175
93
119
72
170
32
245
60
139
33
16
150
144
103
147
39
256
87
283
116
40
130
85
63
68
350
47
168
114
235
96
67
163
125
138
135
41
72
135
84
154
135
153
205
147
101
42
130
125
148
104
113
21
147
213
198
283
92
195
74
99
35
182
67
225
195
95
160
155
151
124
32
103
3
216
104
119
122
130
137
142
199
132
89
228
49
113
128
25
218
189
248
157
19
263
155
172
377
61
81
122
163
219
75
283
257
86
41
56
20
102
152
208
133
160
172
121
148
79
155
192
72
124
189
32
53
130
153
33
208
152
141
85
117
151
233
211
55
133
148
112
27
157
178
248
143
188
88
197
108
71
52
189
145
220
135
104
67
141
217
254
140
232
125
102
187
96
194
200
100
88
120
198
106
110
237
233
103
124
24
57
135
9
92
58
78
83
150
114
110
118
126
181
135
115
104
140
171
64
95
188
91
180
65
169
203
131
164
73
207
74
77
75
126
164
145
166
53
156
155
133
133
160
77
201
111
105
298
78
52
205
175
232
133
175
97
115
98
21
245
115
57
48
58
133
125
102
87
217
179
293
160
51
79
169
173
230
218
135
351
75
122
251
91
105
76
78
251
183
148
66
81
161
29
79
265
182
204
108
186
100
163
74
147
38
110
168
111
184
214
289
25
125
169
252
83
15
73
76
439
137
51
180
241
49
144
61
209
216
107
124
128
134
106
80
73
197
215
41
32
69
79
114
27
100
178
181
194
184
158
95
142
67
20
122
273
100
94
88
80
62
123
266
261
149
28
116
95
79
117
67
186
112
26
95
85
45
148
73
251
56
200
155
259
88
100
38
97
16
188
46
73
73
255
271
140
178
207
192
91
62
76
92
20
178
125
78
99
86
209
110
115
15
181
124
100
196
97
218
153
44
30
138
95
298
247
14
85
251
130
134
137
142
139
146
99
178
117
102
67
26
155
85
122
54
182
81
164
111
60
61
155
230
101
203
64
197
122
96
128
190
129
6
199
72
88
66
140
75
54
83
98
40
45
199
99
218
50
153
115
80
98
182
133
142
112
81
85
90
94
97
166
47
121
112
209
197
45
162
42
17
74
148
218
153
108
160
65
143
133
331
262
97
14
157
156
109
160
226
137
165
23
129
125
153
148
213
19
104
235
115
174
48
85
44
141
183
82
256
171
145
130
77
65
104
39
136
178
70
86
172
276
209
217
224
68
129
140
107
118
204
130
160
18
164
50
216
23
182
263
78
133
158
69
136
70
174
67
114
239
86
105
126
163
281
166
34
111
88
140
76
210
156
154
141
122
101
273
368
94
95
119
221
154
193
180
160
118
156
119
148
163
154
88
78
375
63
125
192
212
76
169
77
185
99
118
87
223
94
133
107
188
108
63
166
115
92
148
122
181
118
281
116
159
274
103
141
62
44
276
89
95
135
165
76
92
165
222
246
96
80
22
37
110
139
268
65
299
112
82
113
81
138
192
193
93
210
151
65
137
93
119
129
160
226
194
244
18
165
222
54
65
190
230
114
86
212
105
223
256
115
94
66
93
211
55
145
120
177
51
175
40
142
246
280
104
73
50
246
163
60
138
146
30
76
198
90
158
27
54
58
95
138
107
103
111
37
127
184
57
139
35
92
52
193
61
81
178
56
96
176
257
116
202
169
73
129
187
146
208
37
99
142
157
125
122
57
140
212
51
135
90
132
78
125
83
163
153
136
42
273
179
139
158
76
121
229
80
295
82
131
176
128
108
117
157
200
238
52
257
35
78
151
244
226
169
171
92
25
70
60
65
57
33
224
112
17
144
107
160
114
54
128
26
28
87
98
136
99
211
131
158
180
355
55
304
92
38
126
140
73
66
188
47
142
192
108
126
274
233
202
107
103
158
207
186
321
353
96
201
62
17
156
182
87
149
161
183
135
158
55
79
103
68
122
214
214
318
148
49
82
37
134
24
3
148
149
108
50
262
90
61
53
178
105
130
145
55
107
140
138
179
105
179
13
214
147
100
74
99
67
99
117
203
102
74
147
11
62
25
173
166
41
84
56
17
234
208
39
197
192
13
91
93
231
73
55
199
36
69
107
217
106
154
169
50
141
51
90
100
99
82
189
163
162
141
77
187
184
138
85
140
137
248
8
162
124
127
228
144
177
260
94
149
212
45
125
80
118
133
54
8
69
410
81
27
210
318
148
32
248
64
209
170
90
147
239
197
111
239
111
122
169
180
191
182
212
237
71
220
140
156
201
84
110
124
166
115
117
72
46
109
73
107
88
79
81
228
199
221
103
103
117
36
19
100
190
163
132
202
113
120
169
130
112
109
57
152
151
52
56
176
84
153
179
31
169
160
155
38
83
84
102
166
256
157
122
151
95
158
118
188
68
188
163
209
35
329
89
31
86
199
117
143
126
84
67
93
255
50
147
130
44
95
43
74
106
272
67
58
44
21
206
108
13
39
106
136
113
128
201
103
161
66
128
36
161
87
72
117
160
88
63
54
158
121
297
170
80
72
172
164
257
123
159
144
259
145
112
77
50
49
63
242
147
167
29
92
198
89
64
58
102
266
64
149
67
174
59
62
121
176
74
119
45
209
96
158
87
100
117
146
36
38
222
150
109
75
158
115
270
122
142
35
123
110
193
80
183
167
130
162
83
33
143
62
202
222
136
152
78
87
126
136
132
84
171
159
102
217
62
215
52
57
133
28
166
61
77
199
41
136
185
5
29
202
57
93
184
225
71
82
64
138
92
168
84
88
164
258
148
206
183
65
139
129
210
184
185
185
165
191
217
128
97
187
36
105
234
43
23
172
138
164
149
199
205
74
205
121
201
276
316
117
14
277
101
54
179
145
125
112
119
187
53
178
50
144
295
142
224
37
111
153
203
175
57
138
43
72
98
206
230
119
118
110
226
58
104
55
103
37
80
128
43
27
107
132
65
147
51
83
115
38
9
277
284
35
145
230
108
81
148
8
136
237
126
138
64
98
112
111
27
200
132
51
105
48
60
205
39
58
60
88
91
281
189
146
145
56
227
126
176
90
163
221
85
173
142
177
233
80
167
80
91
61
219
49
243
129
123
148
141
49
254
47
40
94
91
137
211
139
196
137
210
251
25
58
215
111
79
72
14
64
135
188
120
85
142
200
170
173
51
111
61
39
53
86
202
57
208
67
261
113
116
197
55
113
84
103
139
49
40
163
125
148
44
113
132
204
147
192
144
248
307
86
31
10
124
91
116
27
231
27
113
93
219
122
92
53
120
81
77
319
120
100
74
18
63
151
347
66
154
139
121
74
107
159
87
110
154
77
218
218
131
208
96
119
167
55
36
201
89
250
167
60
83
191
162
54
202
114
72
168
91
87
59
161
83
55
117
82
182
104
165
145
131
100
105
135
160
143
63
27
90
86
123
153
128
225
95
124
39
75
53
162
272
23
25
82
72
55
98
125
122
97
240
89
77
50
134
101
117
226
155
181
52
171
160
260
270
172
112
220
73
31
14
260
240
117
99
88
200
117
70
105
171
90
131
128
69
192
161
175
113
84
181
125
48
64
113
218
154
54
183
171
144
116
219
98
100
71
158
196
226
52
263
148
62
229
39
156
160
119
191
108
101
26
128
105
75
106
286
171
25
16
126
112
223
77
73
54
186
80
115
158
73
70
75
157
27
85
84
62
144
109
109
290
108
138
272
108
58
193
111
145
93
76
51
148
20
178
153
107
221
160
178
110
228
249
121
112
109
183
281
112
265
166
22
168
183
73
279
125
135
146
212
75
92
137
103
174
168
419
155
72
107
179
76
166
102
164
110
124
34
79
332
67
130
88
135
213
41
133
224
144
166
193
100
115
157
167
120
104
128
115
86
97
287
176
59
59
94
118
41
145
142
218
127
267
78
43
208
88
129
226
23
38
46
68
100
91
198
36
103
131
220
97
115
86
26
290
89
315
113
189
21
187
124
222
34
110
219
111
243
114
170
120
262
74
180
132
214
134
91
135
97
47
141
90
32
173
34
155
169
244
172
173
71
96
165
233
30
125
29
340
98
57
108
281
89
22
43
236
172
108
189
189
110
130
222
140
82
47
36
133
145
190
146
84
172
72
245
158
82
254
224
104
94
167
157
88
63
46
94
35
119
32
100
164
108
243
35
121
72
75
107
150
105
75
51
76
144
116
66
151
116
126
57
89
89
55
53
186
110
60
166
185
115
238
108
228
103
115
223
222
101
136
64
29
87
187
140
119
177
64
12
255
126
282
220
139
214
200
249
151
110
79
97
89
243
105
145
85
103
62
230
109
52
163
196
123
18
208
209
216
124
275
140
159
199
171
149
33
60
116
88
55
196
68
27
80
6
299
91
157
183
182
29
30
232
52
17
210
142
103
212
178
24
203
89
146
69
260
177
274
80
129
120
269
175
185
125
152
122
139
144
139
133
165
54
54
93
118
126
41
38
156
12
24
227
78
123
168
150
202
103
116
149
242
230
197
13
244
69
101
58
111
152
97
77
138
122
72
54
122
94
84
74
70
97
250
105
148
93
107
58
51
229
180
145
144
128
172
153
21
177
57
94
77
59
146
33
132
270
101
132
137
170
210
99
229
126
59
156
122
227
50
283
210
46
34
218
209
199
116
119
285
97
34
35
178
217
87
101
78
135
59
113
239
100
65
161
256
116
213
56
167
79
104
21
64
192
69
137
162
129
36
194
61
118
66
46
8
52
185
237
219
34
111
106
124
346
220
155
126
40
72
157
163
116
76
94
111
200
229
198
120
148
150
89
77
220
101
149
179
122
137
275
53
44
57
155
140
59
122
78
194
109
116
175
81
178
79
169
240
196
312
38
270
71
118
118
86
129
35
54
209
95
170
158
94
184
122
26
204
7
2
64
145
223
84
44
5
96
105
256
62
110
174
139
146
71
153
186
138
162
121
52
198
135
71
276
150
81
8
98
168
96
214
172
191
231
150
162
18
114
165
131
67
110
205
109
177
132
68
49
41
152
143
67
55
62
268
59
22
135
138
174
187
239
64
104
115
161
106
87
150
242
186
11
113
247
130
42
140
89
109
68
116
195
211
159
101
100
107
129
22
26
97
95
88
88
250
171
162
220
78
66
91
79
131
26
73
76
175
350
215
131
78
131
116
102
121
37
261
153
40
132
190
65
134
156
160
30
139
50
104
115
239
31
37
47
170
61
138
125
188
88
92
151
82
171
143
240
74
276
11
77
128
97
153
106
114
72
217
177
81
35
142
129
182
58
88
175
86
78
135
172
97
134
66
113
177
37
81
85
165
112
80
66
8
188
113
91
218
95
99
183
223
256
96
219
52
257
62
185
72
88
47
231
115
132
258
154
198
114
177
160
31
257
52
73
46
81
231
175
207
177
21
258
10
95
248
151
54
68
164
95
77
177
83
23
214
195
30
144
131
90
155
263
114
149
199
125
151
312
88
57
136
109
35
209
36
68
173
190
27
137
124
51
80
143
151
319
147
86
77
85
120
159
25
230
118
42
201
159
54
62
54
34
74
261
209
46
23
110
43
183
137
173
259
190
209
128
100
145
209
116
238
134
36
164
77
58
4
194
246
80
16
265
209
75
229
84
168
167
52
93
245
38
109
201
280
246
36
226
19
191
99
104
96
83
85
36
131
152
114
250
200
44
62
40
57
90
259
98
79
88
148
54
89
109
123
298
306
189
127
92
49
204
231
280
176
100
288
80
141
53
39
152
60
55
119
62
54
69
125
246
71
41
36
121
71
104
266
244
86
59
173
194
134
191
45
84
159
39
3
175
140
214
94
112
164
242
234
169
63
95
47
111
90
59
131
60
194
106
81
206
204
126
86
104
118
81
131
234
24
321
4
26
59
169
103
135
14
65
44
77
245
58
261
126
178
304
82
120
249
222
112
137
108
228
52
163
17
204
100
55
92
29
183
81
132
248
89
122
17
71
145
190
281
135
138
130
200
130
36
91
95
172
221
117
83
108
64
53
53
274
92
132
141
213
133
236
94
182
173
93
123
75
37
56
202
79
98
111
83
63
214
182
151
60
106
66
151
50
145
110
185
236
82
222
185
112
260
183
92
62
143
55
64
217
139
103
328
149
44
110
299
142
65
169
179
202
52
116
109
190
85
70
140
118
48
44
348
290
107
175
172
157
106
75
96
51
41
205
139
123
238
195
153
287
143
34
37
155
39
95
27
47
105
21
72
157
36
172
78
192
117
34
89
158
98
51
43
15
132
158
89
273
104
60
157
73
101
78
149
127
34
121
235
135
100
119
143
31
126
163
173
126
96
169
47
88
118
184
166
69
102
93
65
60
273
138
340
143
52
38
92
19
110
64
225
77
59
136
81
166
211
150
14
99
121
206
57
96
207
125
234
178
140
88
154
75
51
95
23
102
188
44
61
119
134
173
152
147
189
283
31
119
114
154
81
83
39
81
167
144
152
130
146
90
33
133
209
87
39
86
151
69
172
120
104
154
159
59
74
84
140
283
207
198
15
128
179
154
178
68
53
205
77
133
211
163
199
257
123
92
63
65
114
166
184
31
38
128
25
228
62
21
179
88
83
245
194
178
184
71
222
42
28
53
120
92
53
238
72
199
289
91
199
229
176
28
223
85
83
124
143
115
175
89
235
204
218
37
106
72
102
136
356
63
62
127
136
141
209
47
234
74
39
169
86
126
153
163
156
174
145
67
135
141
101
206
141
147
99
167
160
245
71
102
253
292
109
116
109
116
132
252
63
241
91
23
180
100
181
138
169
105
165
98
190
141
128
173
422
10
50
132
95
150
80
59
107
118
123
116
174
110
64
105
111
38
33
25
90
130
130
53
234
234
30
252
124
89
30
187
101
42
132
119
317
69
47
80
98
106
65
116
84
113
149
212
115
74
144
146
308
48
66
83
55
90
51
95
65
174
68
42
203
56
55
88
199
177
26
127
154
142
216
173
136
138
146
149
201
324
101
89
213
17
113
78
68
117
241
174
103
308
114
156
91
18
267
103
42
296
102
75
139
66
69
254
131
182
11
68
18
163
246
134
68
98
158
114
77
58
162
43
102
222
144
29
283
205
131
89
146
126
147
186
146
250
95
33
220
185
107
56
124
149
79
21
33
58
106
119
108
135
73
260
197
45
80
178
238
131
39
75
55
179
134
224
113
164
90
74
195
171
85
181
154
111
85
180
7
46
30
211
59
186
188
183
109
141
30
291
232
291
52
27
115
187
141
122
130
97
126
173
200
59
140
45
80
146
56
45
55
163
111
42
120
64
162
106
35
234
128
28
157
126
5
48
102
283
145
30
167
91
129
199
73
72
143
133
175
82
164
58
233
127
47
16
56
40
277
234
29
194
16
34
146
131
39
121
192
122
55
147
265
79
75
192
148
38
27
137
121
94
207
254
197
114
290
162
218
135
155
204
57
210
141
147
143
37
135
63
114
77
94
365
181
106
58
160
53
175
106
309
114
63
245
44
189
113
188
40
103
144
58
172
124
96
67
89
162
90
147
45
219
178
111
107
82
99
201
206
146
79
212
111
219
66
77
182
202
176
203
166
114
145
165
89
92
53
158
91
155
100
64
215
158
75
189
81
217
148
26
125
43
90
232
53
142
130
171
16
186
167
167
53
281
264
202
84
39
243
157
47
28
174
240
61
37
219
235
85
168
80
59
189
69
111
102
87
41
7
173
113
120
61
123
110
230
198
141
90
249
75
171
251
31
197
162
220
77
224
26
172
126
104
33
106
41
137
124
104
20
186
73
210
52
235
67
133
102
215
39
135
177
102
205
161
198
142
257
125
14
121
86
141
28
100
82
98
136
80
138
30
108
100
31
138
79
140
82
160
293
177
81
66
164
56
247
190
190
175
120
230
107
358
104
18
93
94
86
25
339
167
56
46
141
155
161
253
153
52
33
87
119
118
251
103
96
69
99
228
193
43
17
271
110
88
85
186
108
189
42
168
133
110
94
151
211
133
45
98
110
146
63
155
204
204
28
11
141
105
75
161
172
88
30
71
11
139
323
31
180
134
188
72
164
85
170
114
124
102
149
168
221
284
142
197
89
108
208
146
97
61
115
84
173
161
246
231
142
187
59
184
40
360
158
137
259
226
68
186
148
66
95
99
147
184
28
140
71
34
75
79
279
57
253
77
175
42
93
37
197
139
20
231
277
144
113
155
84
167
95
127
282
72
59
103
30
117
87
73
101
152
105
134
123
103
146
140
152
128
115
93
182
184
198
133
42
139
86
77
77
231
152
160
93
103
151
45
19
55
310
29
143
131
65
85
128
162
109
144
72
142
116
92
117
57
33
104
208
88
183
145
120
55
274
46
41
65
36
138
275
72
199
133
169
178
216
172
52
166
124
153
120
105
28
309
62
50
54
170
153
266
68
209
163
138
40
68
118
287
150
136
185
88
26
161
133
97
34
78
161
288
382
115
142
224
86
94
148
137
54
32
252
129
136
55
133
211
146
65
102
71
202
131
218
182
150
58
150
114
286
153
106
113
81
228
259
138
148
222
115
48
174
64
93
216
188
119
103
111
95
151
102
153
148
109
154
213
108
100
221
176
94
106
163
102
108
143
180
93
177
211
223
45
167
67
135
176
152
130
24
219
136
145
143
265
118
120
253
83
69
210
206
49
66
88
73
70
177
115
95
84
82
27
182
47
290
86
147
96
133
82
171
106
72
70
41
85
125
72
126
177
167
171
137
154
151
139
199
44
67
53
124
168
263
276
124
53
394
58
118
161
224
132
151
78
101
124
119
77
166
167
60
103
261
121
153
117
246
93
169
112
40
85
122
148
103
101
327
51
119
64
156
98
136
213
165
117
178
112
289
40
142
127
199
68
56
92
64
199
140
114
49
99
238
72
32
83
48
123
208
173
85
60
99
125
168
123
168
75
161
93
294
78
108
139
89
59
198
239
152
219
154
75
73
87
152
173
40
187
104
178
143
18
131
102
115
161
143
107
179
115
68
19
150
52
120
143
100
30
98
169
154
177
147
199
217
151
146
231
121
41
65
139
143
139
88
168
27
67
57
140
148
193
86
222
343
127
42
138
88
93
74
149
97
280
268
100
56
63
117
141
190
160
93
56
40
174
79
167
231
193
282
101
273
124
223
27
69
57
192
107
20
59
116
85
76
126
179
152
113
79
151
112
178
154
135
143
85
224
38
66
206
108
51
70
65
190
125
111
232
274
155
93
111
134
141
155
116
88
166
181
145
67
190
159
148
194
163
107
86
101
203
120
49
259
292
73
274
174
93
131
144
141
234
12
48
117
134
119
132
19
49
56
253
120
79
118
68
194
156
91
88
81
222
93
201
53
203
116
243
158
132
127
65
88
133
71
316
74
76
57
329
146
144
84
79
44
156
212
89
221
76
158
157
218
142
109
187
30
88
319
186
32
172
247
148
81
70
259
113
25
66
94
123
14
57
238
49
70
241
71
38
59
25
94
136
47
131
93
149
178
58
103
107
75
289
130
106
107
199
221
150
98
110
82
42
91
60
220
141
188
139
184
152
87
151
106
199
227
314
101
205
207
156
63
177
124
95
197
102
73
48
112
172
151
32
27
342
113
67
138
118
88
89
153
228
98
87
174
103
82
123
168
175
263
43
252
93
193
81
84
90
157
173
64
34
47
155
100
83
70
161
110
99
141
70
180
109
149
24
123
194
108
72
155
40
107
102
286
57
96
161
140
148
137
330
90
90
220
113
30
146
116
173
170
146
227
99
143
138
275
77
222
214
212
154
213
145
24
216
79
220
42
119
65
63
136
65
63
44
114
58
78
250
173
111
47
157
105
102
223
158
243
43
183
176
168
65
163
158
152
98
27
105
119
55
76
152
55
130
140
141
71
256
125
140
212
79
37
60
136
100
83
82
121
123
85
18
172
39
169
240
93
71
98
174
4
21
173
200
208
19
40
260
5
84
231
341
102
67
239
35
173
135
108
148
78
110
220
59
85
26
147
137
149
283
105
12
32
153
64
96
244
91
18
189
119
118
113
82
173
140
183
91
196
152
76
40
87
72
182
69
40
36
116
64
192
169
91
143
107
308
102
250
256
159
271
121
63
16
52
182
37
122
285
88
94
145
184
238
87
18
114
122
36
102
146
103
164
77
207
145
91
213
313
137
53
118
157
13
228
31
30
101
263
115
118
206
132
73
140
102
53
24
131
129
111
212
156
219
97
81
95
258
93
112
52
23
125
201
61
149
128
42
39
58
24
100
262
100
251
70
104
50
192
197
127
94
206
27
155
110
139
252
115
279
154
201
53
47
252
254
218
64
57
260
30
192
44
173
196
53
105
35
101
100
131
13
152
263
144
117
120
108
225
133
123
85
182
101
178
160
191
150
164
147
117
110
176
99
150
185
128
101
193
107
80
237
216
98
50
55
13
26
202
222
196
50
87
233
68
162
96
276
96
172
126
98
309
110
140
248
60
132
80
139
66
52
131
201
107
85
312
105
82
18
75
289
226
167
245
37
275
76
169
179
8
61
163
133
152
80
185
92
178
141
76
72
158
178
128
30
171
59
350
82
238
51
102
61
121
30
50
150
151
337
179
156
229
243
106
28
111
145
192
317
212
336
64
43
196
59
46
182
105
278
73
128
140
65
43
94
40
136
75
203
61
182
129
236
180
67
88
73
18
142
214
232
108
152
139
207
163
81
104
203
220
112
66
65
219
111
65
114
127
48
127
168
46
85
196
74
46
16
271
132
115
124
54
229
138
156
55
39
80
83
71
98
111
92
153
103
296
196
141
217
189
116
120
156
158
296
97
187
71
167
89
185
192
64
170
4
109
42
135
99
199
352
95
194
112
101
102
131
35
114
81
74
172
134
172
72
176
108
199
249
106
66
85
313
192
132
116
103
38
125
92
113
192
100
223
9
161
70
146
264
179
72
45
153
108
107
122
56
92
158
49
157
160
75
159
156
133
288
105
266
202
288
91
74
244
117
163
104
98
158
109
192
260
130
102
118
106
280
97
83
153
14
27
87
290
87
250
218
228
133
22
141
85
89
124
91
184
97
286
96
168
77
193
96
40
208
111
68
29
216
109
69
82
50
182
159
201
180
185
225
56
51
126
103
75
14
29
69
208
149
153
133
141
60
86
64
148
178
138
216
96
90
106
24
85
37
122
55
79
162
179
48
229
129
192
46
18
66
92
200
69
69
28
72
119
20
142
92
102
112
52
92
52
79
133
137
113
97
228
75
172
230
67
95
43
142
111
79
201
19
16
108
29
217
239
179
187
96
228
17
169
70
314
143
155
127
141
61
191
75
124
110
174
117
12
69
96
51
188
104
134
132
103
223
79
200
41
162
113
24
99
79
27
102
59
62
75
150
262
92
83
111
73
236
97
78
94
48
122
87
133
78
177
44
436
144
4
57
250
171
182
47
186
93
106
47
279
237
168
161
91
24
189
45
137
119
82
81
28
196
97
49
38
111
141
252
160
84
108
152
107
67
261
157
47
17
86
181
137
227
66
135
197
180
201
119
146
94
126
100
129
162
203
94
357
92
137
86
23
226
60
35
81
248
222
109
85
103
148
27
213
84
127
164
221
181
93
107
151
119
87
269
16
243
177
65
140
245
122
180
115
53
14
179
66
58
186
101
96
269
163
135
64
104
296
183
218
138
46
214
48
64
183
42
201
40
128
143
42
69
124
191
164
147
125
227
272
133
175
172
275
25
94
112
100
92
111
84
40
98
86
125
72
212
104
229
178
162
76
184
123
107
43
203
188
115
86
127
69
289
184
173
145
134
206
106
148
135
55
237
64
93
41
95
43
96
92
80
65
38
129
101
205
95
217
189
166
270
128
159
146
113
166
107
175
131
69
42
51
105
195
44
105
89
46
120
86
242
68
88
158
218
163
131
30
227
134
20
50
127
57
66
169
37
90
136
136
33
206
264
365
174
80
138
166
210
55
129
180
144
194
99
148
138
57
124
115
43
48
107
184
302
125
37
23
216
160
77
192
172
123
104
471
119
76
140
107
28
97
163
147
171
199
45
119
115
95
138
98
190
59
407
213
137
170
84
150
236
235
124
131
29
109
278
153
156
41
79
198
181
138
126
159
109
79
83
281
246
83
41
154
211
124
232
124
44
187
242
140
146
89
150
69
98
300
257
198
124
78
76
190
221
276
219
199
175
146
143
87
205
144
72
76
247
54
174
175
110
144
80
70
65
283
160
128
98
134
88
69
82
262
193
99
149
26
119
114
126
325
17
126
117
107
62
367
343
41
49
65
251
115
65
102
46
70
104
78
177
71
258
59
173
205
212
102
204
107
99
176
102
149
201
48
143
77
142
184
36
137
250
136
172
128
222
35
88
148
222
136
33
116
125
116
94
36
224
89
229
241
140
73
62
21
144
173
67
139
182
86
115
125
117
161
157
261
185
323
141
43
148
41
102
104
106
102
141
146
105
172
48
215
125
41
116
84
137
54
130
135
125
157
95
170
174
104
125
97
150
162
126
48
77
51
45
57
181
67
7
115
141
118
130
180
209
166
133
86
109
281
78
38
204
74
14
68
109
164
90
147
142
128
175
44
97
171
152
153
141
195
93
92
32
74
298
68
227
83
236
135
25
319
108
162
139
93
178
317
149
75
160
195
56
104
164
336
131
88
106
123
143
212
129
292
197
163
64
93
82
129
82
183
21
137
194
150
187
213
96
101
175
215
145
76
104
216
68
60
217
38
15
73
164
160
112
37
135
131
117
170
101
93
43
217
98
176
152
120
85
145
218
68
155
377
115
206
93
101
124
220
130
197
164
100
282
55
169
158
221
78
260
14
259
220
85
113
141
164
44
166
105
215
39
159
115
96
140
274
53
136
72
87
125
66
78
27
173
85
87
46
148
96
50
156
227
174
373
208
184
125
22
141
126
177
76
205
103
183
183
53
152
54
93
120
55
71
173
185
129
70
221
85
177
68
99
130
108
203
207
90
212
63
30
339
38
90
18
213
49
210
76
185
145
85
192
236
133
105
220
63
65
100
62
124
127
160
87
142
37
81
182
31
53
175
87
187
64
28
25
185
64
93
202
38
257
272
155
140
86
116
152
228
102
208
49
130
71
158
242
257
176
168
243
58
1
213
75
144
171
112
61
76
132
198
81
156
209
228
133
79
82
142
266
192
245
158
129
86
154
180
164
103
94
296
232
136
83
114
141
69
24
70
80
123
53
181
120
63
258
58
36
97
73
53
167
219
140
26
254
116
329
278
72
111
83
88
119
196
17
63
195
215
68
275
112
60
85
150
38
290
56
135
4
62
84
117
83
175
106
202
201
86
108
110
79
76
79
104
95
178
79
182
167
74
126
214
176
178
162
223
314
105
135
240
179
129
290
109
145
138
162
137
102
158
123
107
193
47
139
165
150
73
312
110
268
158
250
19
225
122
141
235
19
318
119
60
239
62
75
138
159
192
68
200
129
156
208
123
206
88
94
119
186
104
158
113
110
153
211
140
62
161
115
104
215
45
115
43
210
229
58
88
67
80
158
55
33
33
167
71
185
173
35
172
250
124
122
137
75
150
154
107
211
166
87
168
39
46
41
50
31
110
65
117
136
131
73
152
235
282
98
69
125
173
172
168
134
101
60
111
155
184
228
94
60
97
255
50
78
271
183
109
25
360
112
106
93
116
132
142
159
121
288
10
86
150
93
244
127
101
43
231
240
207
66
118
109
124
79
90
183
187
32
77
246
241
59
181
127
159
126
59
188
156
87
178
32
256
90
99
81
8
205
99
73
297
238
112
67
84
301
143
166
36
226
196
102
204
150
132
101
209
165
60
223
25
151
112
100
74
78
85
110
197
211
69
77
72
93
63
55
316
87
289
83
141
145
125
111
75
86
132
173
121
119
184
85
151
96
150
115
153
117
260
58
122
208
135
250
83
138
263
110
159
160
82
53
60
85
33
58
194
137
171
175
217
90
96
291
113
180
99
224
153
104
32
103
182
165
197
85
149
189
19
143
65
71
44
5
205
225
72
148
138
38
214
110
142
98
139
92
82
148
199
18
198
237
112
166
102
31
153
37
122
154
140
137
271
20
148
196
93
102
98
76
185
47
39
87
285
73
88
104
118
91
61
164
105
251
235
152
221
167
128
181
63
237
89
298
66
99
209
225
144
177
105
153
127
112
162
266
126
65
71
101
223
87
152
244
94
171
215
229
47
130
71
97
130
51
50
284
69
97
43
104
201
24
170
103
118
120
116
58
202
78
39
210
225
252
192
80
208
158
77
110
21
144
125
38
176
33
97
69
122
67
60
132
50
196
88
169
238
26
103
89
159
71
56
19
59
51
93
138
74
36
100
92
127
152
105
151
132
45
113
135
109
14
134
55
126
16
119
63
104
86
158
83
107
209
31
69
24
81
112
145
53
74
83
23
57
210
211
256
99
141
103
195
114
172
26
165
233
138
122
78
94
144
117
168
182
74
194
174
302
5
111
188
117
184
213
51
83
84
26
261
222
242
93
217
83
24
152
236
263
251
119
93
154
132
218
124
257
134
216
21
297
86
63
16
210
115
164
133
153
186
176
100
74
174
56
73
218
42
145
156
86
233
58
122
155
128
84
52
55
190
86
84
159
175
75
210
168
136
49
143
157
45
65
268
135
85
75
275
62
74
164
145
199
49
364
38
135
67
168
161
154
78
186
46
131
105
166
244
213
238
134
206
158
165
153
57
80
56
201
68
95
84
82
194
103
94
105
164
134
78
102
116
207
60
75
187
85
146
141
48
149
146
263
264
114
114
145
79
67
139
51
29
242
140
65
98
154
150
193
174
137
103
49
139
56
111
138
200
122
117
131
152
101
70
147
141
72
184
98
176
64
127
145
43
88
59
78
203
172
243
242
26
147
179
120
60
53
84
74
198
148
16
117
256
240
55
60
30
119
106
228
44
99
35
83
98
130
161
217
19
52
196
26
184
127
98
193
219
132
75
251
204
89
104
171
117
97
68
74
60
186
270
178
107
109
43
91
109
123
138
141
28
74
208
194
110
158
137
58
125
182
196
120
136
178
104
112
53
124
41
115
111
53
108
83
46
92
60
183
123
117
43
81
62
48
143
60
117
209
76
94
35
163
75
173
153
96
141
130
148
229
152
162
106
60
254
72
43
63
133
108
74
156
96
197
190
109
59
69
226
199
104
90
153
323
136
28
99
64
184
153
177
124
40
92
123
39
105
83
66
84
136
295
215
50
114
152
123
120
88
228
74
111
82
228
103
132
113
45
234
76
41
175
123
166
193
112
8
170
292
119
87
110
279
12
190
234
193
7
90
100
124
14
184
131
155
142
120
264
25
52
61
20
57
143
136
101
197
173
229
148
142
161
137
193
38
115
240
27
63
131
298
287
140
60
258
90
170
48
175
80
158
106
215
172
206
66
164
83
233
110
282
84
136
94
176
80
113
175
283
116
55
205
145
133
9
206
91
206
124
220
126
239
91
269
186
227
95
29
70
76
100
236
220
211
135
113
88
96
123
102
74
83
112
116
122
89
85
165
82
104
139
122
148
52
130
33
178
65
17
192
52
258
227
8
200
90
92
218
183
160
219
138
88
117
98
167
75
86
139
111
96
143
123
134
283
110
102
163
73
61
154
84
151
72
132
171
267
175
97
184
139
59
56
54
178
26
195
107
107
74
148
302
16
212
38
86
162
209
109
188
182
146
242
55
110
153
15
94
196
33
108
109
145
267
162
248
178
12
42
160
90
259
70
151
139
184
137
135
175
191
131
216
15
147
63
197
158
68
184
198
127
140
200
50
133
87
116
111
139
93
45
175
212
122
155
53
115
115
175
66
138
53
246
89
59
63
160
112
192
112
104
230
236
47
93
34
105
91
144
115
135
67
239
188
69
120
148
354
189
190
253
33
130
168
91
86
54
64
48
132
69
36
200
111
152
35
155
54
107
226
261
73
62
93
78
167
148
103
114
62
34
104
110
176
25
273
88
306
198
169
124
47
72
86
191
164
74
185
30
46
59
43
83
241
185
49
52
175
130
190
236
71
120
51
281
220
78
100
181
82
90
122
144
80
191
124
92
133
86
125
192
77
110
197
153
68
126
13
10
131
81
79
118
138
117
89
144
157
247
161
187
256
176
62
11
125
233
102
173
10
154
286
116
112
187
122
89
207
233
162
135
123
66
161
69
67
223
118
110
125
23
199
158
243
42
111
180
82
213
140
256
148
77
46
249
115
119
128
256
56
279
150
324
137
196
201
78
65
156
140
163
219
79
151
35
155
40
156
61
111
68
114
188
44
71
235
242
70
198
283
152
176
73
263
73
304
88
59
162
33
85
24
112
65
112
210
130
118
38
16
119
218
57
68
152
70
45
97
126
68
102
87
71
35
82
115
207
278
122
250
132
182
201
275
111
210
327
202
110
38
238
151
40
241
23
234
88
184
259
66
91
143
143
109
41
159
207
223
129
181
82
72
59
78
90
83
221
203
150
104
43
174
179
127
83
83
75
110
231
76
182
121
221
89
163
57
201
281
120
161
169
51
179
54
134
58
141
150
144
78
116
71
180
140
133
175
170
39
165
45
257
14
134
76
99
126
130
215
128
312
114
201
75
48
166
163
125
164
151
123
116
151
227
254
108
85
116
181
79
241
139
68
179
178
70
162
158
123
237
68
21
123
68
260
106
82
271
140
66
149
7
117
46
212
146
15
76
126
154
137
29
136
239
109
113
189
83
122
157
110
121
129
117
146
115
171
213
21
86
190
77
304
223
312
19
153
120
87
293
142
164
52
79
172
42
53
74
236
191
110
67
118
208
82
118
14
47
80
97
89
65
61
44
133
96
177
188
106
194
96
94
118
102
158
77
91
56
96
129
137
105
138
223
131
131
133
195
94
163
95
158
279
33
230
353
110
125
376
59
84
22
16
139
56
200
221
150
242
194
87
93
37
196
32
108
155
111
141
63
211
220
73
158
224
262
88
37
195
196
74
135
39
73
42
97
66
150
63
67
96
259
77
81
168
124
85
67
150
129
221
134
277
168
24
77
233
45
96
156
5
76
122
184
119
191
96
100
35
126
57
143
188
158
262
76
51
190
118
142
204
107
265
218
155
183
160
114
174
78
97
157
142
212
25
278
115
135
56
120
64
173
57
207
88
7
45
39
44
79
120
90
136
138
192
144
214
103
148
193
80
174
121
44
115
202
225
213
130
124
195
100
67
248
206
174
143
187
24
54
195
87
126
94
88
145
105
117
180
205
65
53
115
115
228
77
26
83
168
117
104
46
125
172
52
140
126
151
29
322
90
47
239
91
90
159
60
175
127
188
72
80
159
127
30
171
120
93
135
75
160
209
82
190
37
83
126
26
105
141
288
137
106
107
113
130
66
150
169
117
123
93
184
121
136
186
88
241
204
98
219
180
133
280
116
67
176
94
84
279
111
117
127
72
213
211
207
73
152
172
62
84
140
104
74
78
139
96
87
233
48
207
69
219
86
66
57
211
21
156
77
178
115
45
201
153
133
175
197
80
83
115
135
56
96
121
96
56
71
62
30
149
138
18
58
200
276
222
96
296
84
170
272
138
94
77
83
94
83
153
119
225
227
133
126
262
49
95
215
108
60
78
138
204
80
60
85
217
183
92
147
67
185
295
189
237
159
80
102
136
26
155
92
125
156
182
257
134
161
119
164
48
67
178
96
164
223
127
221
102
162
191
23
176
135
17
98
81
126
112
137
140
178
14
119
116
136
131
157
97
156
138
121
255
145
84
184
153
99
198
33
113
105
136
61
84
91
118
82
94
162
249
151
98
124
209
75
136
16
31
113
144
97
44
101
289
108
162
13
65
175
97
64
243
124
32
93
69
88
205
77
158
137
129
107
14
124
16
209
176
91
220
64
29
117
314
122
249
91
78
177
72
321
229
45
165
116
222
116
72
110
64
199
159
141
188
48
79
232
240
149
57
85
104
168
118
34
100
43
165
123
109
66
117
125
219
57
197
139
196
175
168
205
59
200
37
90
270
116
25
226
100
87
105
323
137
151
72
134
15
123
124
66
187
23
107
90
191
96
54
63
85
8
155
156
98
166
131
139
137
60
37
43
105
228
136
83
70
290
112
96
92
126
87
162
230
76