17
187
61
424
147
137
146
460
36
361
222
573
437
336
176
648
356
566
301
219
629
488
8
370
89
510
164
662
95
560
128
217
297
95
699
170
92
35
485
556
5
496
298
421
755
315
528
632
205
127
217
225
729
474
777
884
793
63
513
590
858
4
431
133
583
666
97
314
182
790
547
36
355
153
193
799
501
666
19
118
539
59
724
326
200
477
518
33
32
540
305
162
17
822
263
325
466
111
313
166
4
41
249
314
190
637
51
458
171
790
252
845
399
734
791
280
436
694
8
263
158
514
5
185
633
404
35
842
413
618
36
59
739
150
310
844
182
55
214
435
532
447
339
364
387
828
422
137
880
31
322
38
55
501
327
289
619
322
144
630
19
155
265
742
225
426
408
85
628
114
575
137
572
109
255
330
236
41
35
2
340
191
505
197
90
418
360
467
110
146
85
176
189
413
175
503
310
188
115
72
658
246
423
416
781
188
119
509
31
78
758
83
726
134
76
124
48
127
325
99
231
147
911
56
56
460
183
355
535
357
530
651
332
254
179
600
273
349
878
233
190
836
746
518
146
341
258
180
105
206
678
642
96
147
653
146
213
361
527
136
667
597
667
361
37
882
396
288
112
553
514
718
143
370
510
91
590
128
63
792
325
244
944
61
52
399
162
177
67
234
334
646
223
442
296
60
146
107
582
282
343
181
96
116
225
245
352
72
492
261
291
646
211
716
185
239
245
514
646
107
562
170
690
428
108
297
898
169
321
588
778
115
651
111
796
88
48
129
292
172
255
515
30
84
231
117
297
949
539
358
646
646
76
330
47
842
172
653
18
185
624
818
428
173
487
430
428
590
51
482
187
880
706
339
178
417
68
291
403
713
500
34
540
163
502
299
122
239
375
985
620
466
119
383
428
295
615
319
376
45
220
126
591
58
136
10
446
646
135
137
190
189
404
369
89
47
108
624
50
381
183
227
482
205
382
309
54
409
632
315
106
573
896
232
20
109
747
387
59
114
336
173
220
262
113
146
164
550
451
316
426
406
592
216
670
555
139
120
432
179
132
796
361
317
387
93
213
138
733
89
279
226
360
399
139
716
60
9
778
825
132
796
136
614
24
291
118
412
67
400
463
272
143
848
97
193
673
7
391
38
293
37
777
145
406
4
445
385
